Barcode	ACO	AGO	ATO	CAO	CGO	CTO	GAO	GCO	GTO	TAO	TCO	TGO	ACX	AGX	ATX	CAX	CGX	CTX	GAX	GCX	GTX	TAX	TCX	TGX
TCGA-BF-A1PU		2		5		38	29	1	6					1	1			2						
TCGA-BF-A1PV		7		1	3	139	109	2	2	2	5	2	1	1	1			2		1	2		1	1
TCGA-BF-A1PX		8	1	1	1	63	68		2		4													
TCGA-BF-A1PZ		4	1			75	79	2	2		4	4	2	1					3		1	1	1	
TCGA-BF-A1Q0	9	8	4	19	5	156	149	5	14	2	16	9	3	1			2	2		4		2	4	
TCGA-BF-A3DJ		4	3	1	2	77	56	1	4	2	3	2	1		1			3			1		2	2
TCGA-BF-A3DL	3	9	5	9	3	227	192	2	3	5	11	2			2		3	4	5			2		2
TCGA-BF-A3DM	5	4	6	2	1	259	227	3	6	8	9	3		2	2	1		3	2		2	1	3	1
TCGA-BF-A3DN		2	1	2	2	38	31	1	4	1	3	1		3	1				1	1			1	1
TCGA-BF-A5EO	4	7	5	5	2	296	299	3	8	7	13	6	4	1	1	1		2	3	1	2		3	
TCGA-BF-A5EQ	2	7	8	9	3	307	233	4	6	3	6	1	2	3	3			4	3	1	1	2	2	
TCGA-D3-A1Q1		2		7	3	6	6	4	4	1	4	1					3	4	1	1	2		2	
TCGA-D3-A1Q3	1	4	1	24	3	3	1	1	12	1	2	1		5					2				2	1
TCGA-D3-A1Q4			2	3	3	106	92		4	3	3	3	2	1	2		1		2	1		1	2	
TCGA-D3-A1Q5	1	3	4	11	2	153	154	3	9	3	7	2	2	1	1	1		1	3	2	3	1		2
TCGA-D3-A1Q6	3	15	3	11	7	322	272	2	6	2	10	4	2	3	2			4	5	2		2	2	1
TCGA-D3-A1Q7	3	1	1	2		40	35							1					1					
TCGA-D3-A1Q8	2	6	1	1	5	89	107	2	2		2	1	1			1		2	3		2			
TCGA-D3-A1Q9		2		6	4	3	5	1	1		2	2		1	1			1	2	2		1	1	
TCGA-D3-A1QA		5	1	10	4	170	169	2	10	2	6	1	3	1		1	1	6			2		1	1
TCGA-D3-A1QB	3	11	2	6	2	136	112	3	1	4	4	2	2		1	1	3			1		2	2	1
TCGA-D3-A2J6		1		11		5	5		13		2		1						1					
TCGA-D3-A2J7	2	4	2	1	2	126	129	3	1	2	6			1	1				2					2
TCGA-D3-A2J8	2	8		5	3	125	119	2	1	5	8	2						1				1		
TCGA-D3-A2J9		1		1	1	13	11	1			2						1							
TCGA-D3-A2JA	2	7		5	7	146	137	3	10	6	7	5	3	1	3	1	1	1	3		2	4	4	1
TCGA-D3-A2JB	1	1		9			2		10			1		1			1	1		1				
TCGA-D3-A2JC		2		4	1	34	44	1	12		2	2		1				1					1	
TCGA-D3-A2JD	4	2	1	7	1	89	65	2	9		7	1		2	1				3		1	1		1
TCGA-D3-A2JF	4	21	19	8	5	690	657	10	11	13	18	5	4	2	3	2	1	7	5	4	3	3	2	6
TCGA-D3-A2JG	2		1	5	1	42	47		6		3		1		1	1	1							
TCGA-D3-A2JH	3	9	4	6	6	153	135	3	4	3	7	6	2	1	1			3	2	4	1	1	3	2
TCGA-D3-A2JK		3	2	5		106	111	2	6	3	2	5	1		2				1	1		1	3	1
TCGA-D3-A2JL	1	5	2	14	4	92	80	2	12	3	12	1					2	1	1					
TCGA-D3-A2JN	3	2	2	7	4	106	97	4	3	2	10	2	1	3	1	1	1		1		1		2	
TCGA-D3-A2JO	2	20	2	8	9	157	151	11	11	3	21	4	2	3	2	2	4	1	3	1	1	2	6	
TCGA-D3-A2JP		5	1	4	2	50	48	1	8	1	3				1			1	1				2	
TCGA-D3-A3BZ	2	3			5	3	5	6	2		3	3					1	3	3	1	2			
TCGA-D3-A3C1		1	4	6	4	71	56	3	4	1	1	1	2	1	1			5	2				1	1
TCGA-D3-A3C3	3	5	2	2	9	99	96	3	5	3	7	1	3	1	1	1	1	1	8	2	1	1		1
TCGA-D3-A3C6		3	2	9		43	38	2	4	2	3	1			1			1	2				1	
TCGA-D3-A3C7	6	18	15	6	4	368	346	4	8	21	30	7	1	1	3			2	1	1	1	1	1	3
TCGA-D3-A3C8	2	9			4	23	12	2			4	3												2
TCGA-D3-A3CB		3	1	1	1	45	52	1			3	1	1		1							1		3
TCGA-D3-A3CC	1	1		1	4	5	4	4	1							1			1	1				
TCGA-D3-A3CE		1		12	1	3	4		12		1			1	1		1	1		1			1	1
TCGA-D3-A3CF	1	2		3	1	5	1	3			1													
TCGA-D3-A3ML	2	18	8	10	9	490	429	5	2	11	26	5	1	9	4	1	1	3	7			1	3	5
TCGA-D3-A3MO		1	2	3	1	18	20	4	2	1	5			1	2			1	7	1	1		1	1
TCGA-D3-A3MR	5	18	9	10	6	397	370	8	6	7	18	5	2	2	2	1	2	3	4		1		3	2
TCGA-D3-A3MU	5	8	7	4	3	215	214	7	9	10	4	6	2		3	1	2	3	2	1	1	1	1	3
TCGA-D3-A3MV	8	7	5	4	3	246	268	1	4	7	17	1		5	2		1	2	2	1			4	
TCGA-D3-A51E	3	8	3	8	1	123	130	1	2	3	14	1	1	2	2			1	3		2	1		2
TCGA-D3-A51F		2	2	1	2	36	23		3	1	1	1				2			1					
TCGA-D3-A51G	5	25	9	11	7	623	582	5	13	9	28	9	2	1	3	3		4	6	3	6	2	5	1
TCGA-D3-A51H						4	3							2								1		
TCGA-D3-A51J	6	7	2	3	5	200	220	2	4	4	3	2	2	3	1	1	2	1	4	1	1	2	1	
TCGA-D3-A51K	2	1		1	3	4			4		2			1				3	1		1			
TCGA-D3-A51N		2	1	4	1	34	38	4	2	2	3				1			2	1				1	2
TCGA-D3-A51R	2	10	6	10	3	377	353	2	5	8	11	8	1	2	1	1	2	6	1	1	2	1	4	6
TCGA-D3-A51T	4	13	20	11	4	590	554	7	17	9	20	7	2	1			1	3	1	2	1	3	5	2
TCGA-D3-A5GN	1	7	3	8	3	234	227	3	6	4	3	3	3	2	1	2	1	3	1					
TCGA-D3-A5GO	6	21	16	5	4	775	778	9	14	15	24	5	2	2	2	1		9	6	2		3	8	
TCGA-D3-A5GR	1	4	3	7	5	111	103	2	6	3	9			1	2	1		4	6	2	1		2	
TCGA-D3-A5GS	1	3	1	2	1	198	209		2	1	6	1			3	1	1	2	1	2		2		
TCGA-D3-A5GT		3	1	1	1	3	1		3		1	1			1			3	3	1	2			
TCGA-D3-A5GU	7	11	15	19	9	348	343	7	12	5	12	4			2		1	7	9	1	2	3		
TCGA-D9-A148	3	4	1	2	6	96	93	4	2	3	2	4	3	2	2			2	1	1		1	3	
TCGA-D9-A149	1	7	1	5	2	74	66		2	3	3	3	1		2	1	1		1			3		1
TCGA-D9-A1JW	5	17	13	12	4	392	373	6	8	12	17	13		3	6	2		5	4	1		2	4	4
TCGA-D9-A1JX		5	3	1	4	63	73	3	1	3	8	2	1	1	3	2		2	2		2		1	
TCGA-D9-A1X3	2	1		1		9	10	1	6			2		1			1	3	1				1	1
TCGA-D9-A3Z1	2	4	2	5	4	242	217	1	5	4	10	3	4		1	3	1	4	6		1		2	1
TCGA-D9-A3Z3	3	1	2	2		59	63	2		2	4	1	1		1			2	2				2	
TCGA-D9-A3Z4	2	5	3	4	4	81	55		3	2	3	1	3	2	1			4	1	1		1		1
TCGA-D9-A4Z2	2	3	2			3	7	1	3	1	1				1	1			1		1			
TCGA-D9-A4Z3	5	18	5	8	19	371	380	14	13	4	16	4	2	1	3	2	1	5	4	3	2		1	2
TCGA-D9-A4Z5		1		9	1	13	11	4	14		2	1	1	1		1		3	4	1		1		
TCGA-D9-A4Z6	4	6	1	4	3	111	146	4	3	6	3	1	1	1				1	2					2
TCGA-D9-A6E9		3			1	52	47	2	2	1	5		2		1	1		5	3		1		2	2
TCGA-D9-A6EA	8	14	16	4	3	262	223	3	7	11	11	4		2	3		2	1	2		2	1	2	2
TCGA-D9-A6EC	264	185	66	16	12	1186	1101	19	20	55	178	254	5	17	7	3		6	9		2	1	20	7
TCGA-DA-A1HV	14	15	13	11	11	608	519	9	5	15	17	10	3	2	1			5	1	1	2	1	3	1
TCGA-DA-A1HW	2	3	3	4	3	152	115	1	4	2	8	4			2		1						1	
TCGA-DA-A1HY	6	15	7	3	9	370	335	6	3	2	14	5	2	1	3	2	1	1	4			2	2	2
TCGA-DA-A1I0	5	9	7	7	3	223	225		7	4	7	3	1	1	4		3	1	4			3		
TCGA-DA-A1I1		9	3	6	1	136	105	3	10	3	8	1	1	1	3	1			2		1		1	1
TCGA-DA-A1I2	2	1	2	1		50	54	1		1	6	2			1			1		1			2	
TCGA-DA-A1I4	2	2	3	1	2	107	129	3	2	2	3	1			1				3			1	2	1
TCGA-DA-A1I5	2	12	3	2	3	152	142	4	1	4	8	1	4	4	2			1			1		1	6
TCGA-DA-A1I7	2	6	3	3	4	133	124	6	1	2	4	3		1	1			4	2			3	1	
TCGA-DA-A1I8	1	9	2	3	5	77	71	1	2	1	9	1	1	1	2	1	2	5		1	1	1	1	
TCGA-DA-A1IA	7	3	4	4	8	176	141	3	5	4	9	2	1	1	1	1		2	1	1			4	
TCGA-DA-A1IB					1				1				1											
TCGA-DA-A1IC	7	20	10	4	3	392	436	9	11	18	28	3	1	5	4	3	3	4	8	1		1	3	
TCGA-DA-A3F2	2	2		1	1	2	2	1	1		2					1	1	2	1	1				
TCGA-DA-A3F3	3	5	6	4	3	137	133	6	7	4	9		2	1	1		1	5	3	2	1		3	1
TCGA-DA-A3F5	3	9	5	8	3	137	124	4	9	2	15	3	1	4	3		3	6	7	1	1		4	1
TCGA-DA-A3F8	2	15	3	3	2	602	529	2	9	8	23	3	5	2	2	1	4	3	4		3	2	3	4
TCGA-EB-A1NK		3	2	3	2	43	59	1	1		2	3						1				1	2	1
TCGA-EB-A24C	1		1	2	1	7	1		3		1	1		1	1				1		1		1	
TCGA-EB-A24D	6	8	7	5	5	273	200	10	3	3	18	4	2	4	2	2		1	1	1	2	2	3	2
TCGA-EB-A299		2	2	4	1	52	52		2	1	2	2		3	1	1		1						
TCGA-EB-A3HV	1	2		4	1	21	21	2	2	1	1	2		2	1			2		1	1			
TCGA-EB-A3XB	1	16	1	7	2	201	251	2	6	8	6	2	1	3	3	1	2	5	4	4	1	1	4	
TCGA-EB-A3XC	7	3	7	8	9	157	180	4	6	2	13	4	1	1	2	2		3	2		2			1
TCGA-EB-A3XD	2	8	3	3	1	183	165	1	3		6				1			1	3			1	1	1
TCGA-EB-A3XE				2	1	1	5		1	1	1	2			1			1	1		1			
TCGA-EB-A3Y6	6	9	9	9	3	270	279	6	11	6	9	4	2	1	3	1	1	7	1	1		1	1	1
TCGA-EB-A3Y7	9	37	16	15	10	495	463	8	6	17	18	17	4		7		2	4	6	3	1	3	7	10
TCGA-EB-A41A	7	36	11	16	11	919	961	7	20	12	34	5	4	5	6	2		6	9	1	4	9	8	7
TCGA-EB-A41B	3	2	4	4	1	204	218	4	1	2	2		2	1	1			1	2	1			1	1
TCGA-EB-A42Y	1	3		1	3	10	11	2	5	1	3	3	5					5	3			1	1	5
TCGA-EB-A42Z	3	1	3	3	2	58	34	2	5	2	2				2	1		4	2	1			1	
TCGA-EB-A430	8	12	5	5	1	169	175	2	5	4	8	2	4	1	2	1	1	4	3				1	3
TCGA-EB-A431	12	18	27	20	6	903	800	9	19	32	14	19	1	1	3	1		4	3		2	2	2	1
TCGA-EB-A44N	1	3		2	1	54	57		1	2	5		1		3			1	1			1	1	
TCGA-EB-A44O	7	13	6	6	4	259	220	1	4	3	14	2		3	2		1	2	6		3	2	1	1
TCGA-EB-A44P		8	5	5	2	154	145	3	4	2	11	3		3	2	1	3	2	1			2	3	2
TCGA-EB-A44Q	1	2	1	1	3	10	10	2	2	2	2	1		2		2	1	4	3	1	1		1	1
TCGA-EB-A44R	1	2	1	4	3	9	6	4	3		5	4		2	1		1	6	2	1			3	
TCGA-EB-A4IQ						4	4		4		1	1		1		1		3		1			1	
TCGA-EB-A4IS	3	9	7	9	3	228	265	8	9	3	10	4	1		4	2		4	4	1		1		5
TCGA-EB-A4OY	2	5	1	2	4	5	6	2			5	6		1	2	2		6	4			1	2	
TCGA-EB-A4OZ							1	1			1	1							1				1	
TCGA-EB-A4P0	3	3	2	6	3	82	87	2	3	3	7	3	2	2	2			1	2			2	1	2
TCGA-EB-A551	3	6	3	3	3	158	146	1	1	3	9	5		1	2			4	2	2	3	1	1	2
TCGA-EB-A553	7	4	4	13	4	137	114	5	9	4	9	8	5	1	1		1	4	7	3	1	1	6	5
TCGA-EB-A57M		2		5	2	6	1	2	3			2				1		4	5	1			1	
TCGA-EB-A5SE	1	1			5	102	103	3	2	1	6	3			1			1	2		1	2	1	
TCGA-EB-A5SF		2			3	6	6	1	1	1	1	1							1				2	
TCGA-EB-A5SG		5	4	2		91	58	1	4	3	6	1	1											
TCGA-EB-A5SH	1	4	1	9	5	8	8	4	9	4	3	2		2		2	2	1	6		1	1	1	
TCGA-EB-A5UL	1	7	4	10	8	134	133	4	5	1	8	4		1	1	1		1	4		2	1	1	
TCGA-EB-A5UM	3	9	6	7	1	173	204	4	7	6	6		1	1	1	1		3	2				1	2
TCGA-EB-A5UN	2	11	6	6	9	234	260	7	4	4	11	3		2	1	1	2	1	2	1	1	1	2	2
TCGA-EE-A17X	5	12	5	10	3	380	328	4	9	15	11	4		1	3		1	5	2		3	2		
TCGA-EE-A17Y		6		1	2	61	53	1	2		4	2	1		2	1		1	2					
TCGA-EE-A17Z		1	1		2	1		1	1	2	2						1	1						
TCGA-EE-A180	1	14	9	5	3	241	248	6	5	4	13	5	3	4		2	2	15	5	1			1	2
TCGA-EE-A181	13	35	5	8	15	540	474	12	3	6	57	18	5	8	4	2	3	2	2	1	1	1	9	6
TCGA-EE-A182	6	39	20	13	6	665	663	4	9	19	30	6	1	5	1		2	12	7	2		3	6	1
TCGA-EE-A183	1	7	2	13	1	109	88	1	11	1	8	6	1	1	3				1	2			1	1
TCGA-EE-A184	1	1		41	3	18	12		39	1	5	4	1			2		1	2		2			3
TCGA-EE-A185	2	2		3	4	71	95	2	2	1	4	2			1			1	5		1	1		
TCGA-EE-A20B	1	5		1		64	68	2	4		5	2	1	3	3	1			3	2			1	1
TCGA-EE-A20C	21	48	20	14	14	679	722	19	15	28	57	16	2	4	2	2	4	2	6	3	1	7	5	2
TCGA-EE-A20F	2	5	4	2	2	136	142	4	3	2	6	4		2	2					1	2	1	1	1
TCGA-EE-A20H	11	16	9	4	2	235	246	4	7	11	26	2	2	1	2	4	1	10	6	1	2	2	3	3
TCGA-EE-A20I		1		2	1	1	4	1	1		2						1	1	3					
TCGA-EE-A29A	3	3	3	1	5	114	122	2	1	3	3				2			2	1	1		1		
TCGA-EE-A29B	7	10	7	1	2	245	210	3	3	6	17	2	4	2	3			3	5	1		3	2	3
TCGA-EE-A29C	1	6	4	3	3	181	190	3		6	6	2			3			5	1	1	1			1
TCGA-EE-A29D	12	54	19	20	14	1787	1682	16	24	28	67	16	5	12	9	3	3	11	15	6	3	4	9	10
TCGA-EE-A29E	16	34	30	24	12	1422	1401	14	12	34	21	16	2	5	7		1	3	2	1	1	4	9	3
TCGA-EE-A29G	1	8	3	2	4	91	66	3		2	12	2	1	1	1		1			2	2		3	1
TCGA-EE-A29H		12	2	4	1	139	141	3	3	3	5	1		1	1			1	2	1			1	
TCGA-EE-A29L	24	25	16	14	12	732	690	7	9	16	22	14		2		1	1	2	6			6	4	5
TCGA-EE-A29M	12	29	24	11	8	1120	1074	11	14	17	22	8	7	4	7	3	3	3	6		1	2	2	3
TCGA-EE-A29N	6	12	7		9	205	195	7	2	4	14	4		3	2	1	1	3	2		1	1	2	
TCGA-EE-A29P	2	5	1	1	1	98	78	1	1		6				1		2	1	1			1	2	1
TCGA-EE-A29Q	1	9	3	5	4	103	136	2	7	3	11	2		1		1					1	2	1	
TCGA-EE-A29R	2	15	9	4	4	329	330	4	8	5	14	3	4	1	2			3	3	1	1	1	1	2
TCGA-EE-A29S	8	27	8	7	7	442	425	6	10	8	27	5	2	10	3	1	3	1	3	2	1	3	4	3
TCGA-EE-A29V	7	15	6	5	7	395	366	7	4	9	25	7	1	3	2	2	1	1	4	2	2	1	2	4
TCGA-EE-A29W	1	1	1			22	29	1	2	1		1			1			1	1	1			1	1
TCGA-EE-A29X	1	6		2	2	49	54	1		2	4							1	1					
TCGA-EE-A2A0	6	7	2		1	114	129	2	2	5	10	2	1	2			1	1	1		1	1	1	2
TCGA-EE-A2A1	4	4		4	2	138	133	1	3	1	9	2	2	1				2		1		1	1	
TCGA-EE-A2A2	18	32	28	17	17	706	676	10	27	25	44	20	4	6	5	3	3	6	7	7	4	6	5	4
TCGA-EE-A2A5	3	5	6	2	3	126	122	1	2	3	10	1	1						3			1	1	1
TCGA-EE-A2A6	1	7	2		1	103	114	1	2	3	6	3	1		1			3						1
TCGA-EE-A2GB	5	10	3	2	2	302	279	5	7	6	15	1	1	2	3	1	2	1	2			3	4	2
TCGA-EE-A2GC	17	45	15	19	14	1043	977	8	13	21	28	11	3	1	2		2	4	5	1	5	1	6	3
TCGA-EE-A2GD	3	6	3	4	3	148	173	4	3	6	15	3	1	1		1		3			2	1	1	1
TCGA-EE-A2GE	1	4		3	4	46	48	2		1	5	1		1	1				1					
TCGA-EE-A2GH	2	2	2	13	1	88	71	1	6	1	3	1	1	1	1		1							
TCGA-EE-A2GI	6	26	11	8	4	524	573	3	9	8	32	5	4	9	5	3		2	6	3	2	3	1	3
TCGA-EE-A2GJ	24	21	14	3	8	529	495	10	6	8	31	16	8	3	3	2	1	2	6		1	1		9
TCGA-EE-A2GK		1		3																				
TCGA-EE-A2GL	3	5		2	2	109	99	5	2	4	4	3	1			1				1	3		1	2
TCGA-EE-A2GM	4	8	6	5	1	330	307	4	6	5	7	3	1	3	3			1	5		1	4	1	2
TCGA-EE-A2GN	3	7	2	2	3	129	120	2	1	5	1	5		1		1	1		2	1	2	1		3
TCGA-EE-A2GO	17	41	16	10	11	693	661	7	4	22	38	13	2	6	4	2	3	5	2	5	3	5	1	3
TCGA-EE-A2GP	4	6	4	2	2	338	286	5	12	11	14	1	2	2			1	1	2	1		1	1	1
TCGA-EE-A2GR	19	25	11	7	10	572	531	6	9	20	21	17	4	3	3	1	2	10	4	2	2	4	7	2
TCGA-EE-A2GS	2	9	3	3	2	139	176	2	4	4	4	4	2		6	1		6	2	2			2	1
TCGA-EE-A2GT	2	4	1		5	62	62	3	3	1	3	3	1		1	1	1	2	1		1		3	1
TCGA-EE-A2GU	6	12	7	3	2	280	271	6	5	4	8				2			3	5		2			2
TCGA-EE-A2M5	19	39	22	7	8	747	664	12	7	26	49	26	3	4	3	2	1	1	5	3	3	5	6	6
TCGA-EE-A2M6	2	10	2	6	4	245	204	4	5	3	12	8	3	1	2	1		4	3	4	3	4	3	
TCGA-EE-A2M7	1	3		7	2	12	7	3	1			1		1	1			2		1	2		1	
TCGA-EE-A2M8		2	1		1	11	15		1	1	2		1		3								2	
TCGA-EE-A2MC	6	21	5	4	4	246	243	5	2	8	22	7	2	2	1	1			4	1	2	2	2	2
TCGA-EE-A2MD	4	25	12	8	4	624	625	5	2	13	24	3		4	3	2	2	2	2			4	5	
TCGA-EE-A2ME				2	1	1	2		2						1									
TCGA-EE-A2MF	14	33	15	8	4	314	343	8	6	13	24	16	7	2		2		7	3	2	2	1	4	6
TCGA-EE-A2MG	2	7		1		37	39	2	1		1	1			2									
TCGA-EE-A2MH	2		1	1	2	67	38	2			3				1			4				2	2	
TCGA-EE-A2MI	3	20	4	10	5	487	434	6	1	10	31	2	1	3	3			3	5			3	4	1
TCGA-EE-A2MJ	11	18	5		13	572	516	5	3	11	26	11	1	3	5	1	1	1		1			3	3
TCGA-EE-A2MK	2	6	2	1	2	120	116	2		3	10	1		1	1			1	1	1		3		
TCGA-EE-A2ML	2	12	4	5	7	225	203	5	4	4	10	2	1		2			1	3		1	1		2
TCGA-EE-A2MM	3	4	2	3	4	195	163	2	2	2	5	2	2	1	1			2	4					1
TCGA-EE-A2MN		3	1	2	3	61	60		1	1	5			1	1			1	2	1	1			2
TCGA-EE-A2MP		6	5	3	4	109	97	3	1		10	2	1	4	1			3	1			2	2	
TCGA-EE-A2MQ	2	6		5	6	88	102	3	3	1	5	4		4	2	1	1	1	3	1		1	2	1
TCGA-EE-A2MR	7	25	8	15	7	1234	1088	16	5	10	30	17	3	5	3		2	1	5		2	1	2	3
TCGA-EE-A2MS	13	18	15	15	11	1269	1183	8	22	19	31	5	5	5	5	4		9	4	2	1	2	3	3
TCGA-EE-A2MT	12	14	12	5	7	461	400	3	6	11	17	5	4	5	1	2		4	3			4	2	1
TCGA-EE-A2MU	3	14	1	4	2	227	201	2	4	5	10	13		2	2	2		1	1		3			
TCGA-EE-A3AA	9	11	3	2	5	193	191	2	5	2	20	8		2	1				1					1
TCGA-EE-A3AB	10	80	6	4	9	145	167	11	3	3	77	8		44	3	1	2	1	2	3		3	30	2
TCGA-EE-A3AC	6	14	10	3	5	328	308	4	1	2	17	8	1	4	1	1	2	1	3	1	1		2	3
TCGA-EE-A3AD	1	6	2	3	3	154	173	2	5	3	8	4		5	2	1	1	2	1	1	1	2	2	
TCGA-EE-A3AE	9	15	11	5	5	627	530	6	3	9	20	8	2	2		1	1		6	1	4	1	3	
TCGA-EE-A3AF	6	17	12	9	9	469	462	6	14	10	12	10	1	5	4	1	2	3	8	1	1	3	1	
TCGA-EE-A3AG	9	19	8	23	9	737	738	14	13	8	21	7		2	5	3	4	3	3	2		3	4	1
TCGA-EE-A3AH	4	10	3	4		157	175	2	2	3	6	2		1	2			2	2			2	1	1
TCGA-EE-A3J3	1	5		2	3	73	69	7	4		3	1	2	2	2	1		6	5	1	1	1		1
TCGA-EE-A3J4	14	5	7	2	3	129	125	2	7	6	12	8	2		1	1		5	8	1		1	1	
TCGA-EE-A3J5	10	77	29	35	12	955	962	17	26	27	66	16	4	8	4	2	2	7	14	4	3	6	6	4
TCGA-EE-A3J7	15	19	14	21	10	444	464	7	16	15	25	9	2	5		2		13	13		3	2	3	1
TCGA-EE-A3J8	5	5	4	1	1	118	126	4	6	2	5	2		1	2	1		4	3		2		1	4
TCGA-EE-A3JA	7	11	12	7	6	519	519	3	5	6	11	6	1		1	4		5	1		1	3	1	
TCGA-EE-A3JB	9	18	5	4	4	257	255	8	12	16	15	8	1	4	4			7	8	1	3	5	1	3
TCGA-EE-A3JD	16	50	19	20	11	1216	1202	15	13	25	75	13	3	9	4	2	3	4	10	4	2	4	6	5
TCGA-EE-A3JE	4	4	2	2	6	120	108	4	5	4	2	3	1	3	1	1	2		1		2		1	
TCGA-EE-A3JH	1	1		2	4	80	79	2	1	2	7			1			1	2	6					1
TCGA-EE-A3JI	7	20	9	18	15	503	512	12	20	18	18	10	7	6	3	3	1	3	12	4	3	3	1	2
TCGA-ER-A193	15	38	25	13	11	784	752	8	5	19	37	16	7	5	10	1	6	9	6		1	6	12	6
TCGA-ER-A194	6	21	16	6	4	624	594	8	7	12	26	5	4	1	2	2	1	6	8	1	1	5	4	
TCGA-ER-A195		4		2	2	66	75	2	1	2	2	1		1							1		1	1
TCGA-ER-A196				3			1	1	1		2						1			1				1
TCGA-ER-A197	1	3	1	2	4	1	3	1	3	1	4			2				6	2	1			2	
TCGA-ER-A198	6	7	5	2	3	203	213	3	6	5	4	3	3	2	2		2	2	8			2	2	1
TCGA-ER-A199	2	4	3	1	2	94	104	1	2	4	7	1	1	1	2	1		1	1	1		1		
TCGA-ER-A19A	1	1				51	46					1					1							
TCGA-ER-A19B	1	11	1	3	4	11	15	2	4		13			9	3		1		3				4	1
TCGA-ER-A19C	2	1		1	1	29	40	2	1		2	1			1		1	2	1	2			1	1
TCGA-ER-A19D	2	11	8	2	6	218	190	1	4	6	6	3		2		1	2	3	3	3	2	1		1
TCGA-ER-A19E	4	7	4	9	7	177	156	5	11	5	9	6	4	4	1	2	1	4	2	2	4	1	3	
TCGA-ER-A19F	4	20	9	11	4	335	370	3	5	7	24	5		4	3	2	1		1	1	2	4	4	6
TCGA-ER-A19G	2	8	5	6	3	202	151	4	5	3	15	8	3		3	1	1	3	4	1	1		4	2
TCGA-ER-A19H	1	5	2	1		82	101	2	1	3	8			1	1			1	1		1	1	1	1
TCGA-ER-A19J	3	6	1	1	2	97	88	6	1	1	6	3	2		1			1	2	1			1	1
TCGA-ER-A19K	1	3	2	1	2	127	122	1	4	4	7	4	1		2			4	3	1	1		1	2
TCGA-ER-A19L	1		1	1	4	19	26	2			2	1			2	2			1				1	
TCGA-ER-A19M	3	8	5	6	5	235	223	3	2	3	4	2		3	2		1	4	3	2	2			3
TCGA-ER-A19N	3	9		4	2	98	111	1	2	1	3	1	1	2				1		2			1	2
TCGA-ER-A19O		4	2			57	53	1			2	2	1	1	3				2			1	1	1
TCGA-ER-A19P	3	2	1	70	46	45	54	41	69	3	13	1		1	1	7	3			3	4		2	
TCGA-ER-A19Q	1	1		1	1	39	43	1			2				2		1		2				1	
TCGA-ER-A19S	4	4	1	1	4	69	47		3		3	1		4	2		2	2	1	1	1		2	3
TCGA-ER-A19T	2	3	1	2	7	5	6	3	1	1	2	1			3	1	1		6	1				
TCGA-ER-A19W	2	12	5	7	3	141	143	5	4	2	5	3	2	1	1		1	7	3		4	2	2	2
TCGA-ER-A1A1		1		1		10	1				2													
TCGA-ER-A2NB	1	1	1	5	4	11	4	3	1	1	4	2	1	1				1	3	1	1		2	1
TCGA-ER-A2NC	1	4	1	5	3	180	170	5	7	2	7	4			2				4	1	1		2	1
TCGA-ER-A2ND	2	10	2	2	2	34	33		3	2	4	3	1	1	2			7	1	1	1		2	4
TCGA-ER-A2NE		2	2	3	5	45	59	1	1	1	3			2		1				1	1			1
TCGA-ER-A2NF						12	7		1			1		1		1		3						
TCGA-ER-A2NG	12	5	4	2	15	86	88	12	1	2	6	4	1		3		1	1	1			2		1
TCGA-ER-A2NH		4	1	4		62	62	3	1		4	2	3							1		1	1	
TCGA-ER-A3ES	1	2	3	1		2	4	1	1		2	2		1				1	3					1
TCGA-ER-A3ET	2	6	6	9	7	12	15	6	8	1	7	1		4		3		8	6	2		1	3	1
TCGA-ER-A3EV	2	3	1	2	9	10	14	10	7		4	2				3	3	10	5	3	1	1	1	
TCGA-ER-A3PL	2	6	1	2	1	197	179		6	1	2	2		1	1	1	1	4	4	1	1			
TCGA-ER-A42H	1	3	2	4	2	11	3	1	5	1	1					2		9	9				1	
TCGA-ER-A42K	1	1	3	4	3	84	92	3	2	4	6	1	1		4	1		2	1			2	1	2
TCGA-ER-A42L	5	18	11	11	3	413	392	4	5	8	13	4	3	2	1		1	8	5			2	3	2
TCGA-FR-A2OS	1	2	1	1		6	1	3			2	1		2			1	3		2				
TCGA-FR-A3R1		3	1	7	4	199	221	3	2	2	9	2	1	2	1	3		6	4			2	1	1
TCGA-FR-A3YN	4	17	5	7	5	290	263	5	7	4	15	3	1	4	1		2	3	3		1	3	2	
TCGA-FR-A3YO	5	15	8	7	3	385	421	5	7	7	14		1	6	1	3	1	2	5	2		3	1	
TCGA-FR-A44A	3	2	3	4	5	140	138	1	8	3	6	6	1		1			3	2		1		1	
TCGA-FR-A69P		1		2		69	70		1	1	7		3					1			1		1	
TCGA-FS-A1YW	2	3	2	1		78	63	3		2	1	1					1	2	2	2	2	1		2
TCGA-FS-A1YX	1			2		5	4	1	1	1	1				1			1			1			
TCGA-FS-A1YY		2	1	2	2	88	99	2	3	1	1	1			1			3	6		1		2	1
TCGA-FS-A1Z0		5	5	8	2	81	74		2	3	12	2					1	3	2	1		1	1	1
TCGA-FS-A1Z3	9	22	9	6	2	491	450	4	7	18	26	7	2	10	10	1	1	7	2	2		4	2	5
TCGA-FS-A1Z4		2		2		4	3		2		1					1			1					1
TCGA-FS-A1Z7	2	4	2		2	79	100			1	2		2	2	1		1	3	2					
TCGA-FS-A1ZA	9	25	8	7	5	475	418	9	7	14	29	9		4	3	1	1	2	2	3		3	2	
TCGA-FS-A1ZB		3		3		51	51			2	6							1	1				1	
TCGA-FS-A1ZC	5	12	5	4	8	301	289	6	3	5	13	12	2	1	3	1		4	3	1				2
TCGA-FS-A1ZD	4	6	3	1		94	94	2	3	1	8	2	4	2	3				3				1	
TCGA-FS-A1ZE	1	6		2	2	47	63	3	1	2	3	1	1	2	1	1		2	3		1			
TCGA-FS-A1ZF	1	4	5	3	1	79	81	2	2	3	4		2	2	5	1		3	4		1	2	1	2
TCGA-FS-A1ZG	1	4			1	2	1	1		1	1	2	1			1								
TCGA-FS-A1ZH		1		1	1	6	9			2	3	1		1	1			1	3	1		1		
TCGA-FS-A1ZJ	2	3	5	13	6	11	6	4	2	2	2			2	1	1		4	4		1	1		
TCGA-FS-A1ZK	16	21	16	8	16	635	639	11	5	15	17	12	10	9	7	2	3	2	1	1	1	3	4	7
TCGA-FS-A1ZM	5	2	4	2	1	73	62	4	3	1	9	3		1	2			2				1	1	
TCGA-FS-A1ZN	2	1		1		43	43							1	1		1	3						1
TCGA-FS-A1ZP		8	4	5	2	157	155	5	2	4	9	1	1		2	1		2				1		2
TCGA-FS-A1ZQ	3	10	7		1	188	179			2	10	3						1			1			
TCGA-FS-A1ZR	1	3		2		52	56		2	1				1	1	2		1	1					
TCGA-FS-A1ZS	2	10	4	7	1	121	106	5	2	4	7	2	2	2	3	1		4	5				1	
TCGA-FS-A1ZT	1	4	3	3	3	60	64	3		4	4	1	2	1	1	1		3	4		1	1	1	
TCGA-FS-A1ZU				2	1	5	6		2	1	5	1			1			3	2	2				4
TCGA-FS-A1ZW	1	9	6	8	2	276	294	2	6	12	9	4	5	2				2	5	1	3			5
TCGA-FS-A1ZY	1	2		3	1	6	9		1		2	2					1	2	2					
TCGA-FS-A1ZZ	7	20	9	5	10	675	603	9	5	16	25	12	3	5	3	1		3	4	3	1	3	1	5
TCGA-FS-A4F0	2	11	8	2	9	257	273	3	7	10	13	5	2	1	2	3	1	5	5		2	2	3	2
TCGA-FS-A4F4	2	2	2	3	2	11	10	2		1	1						1	1	4		1			
TCGA-FS-A4F5	1	17	11	7	3	378	383	4	9	10	14	3	3	1	1			1	1		1	1		3
TCGA-FS-A4F8	2	4	2	2	1	66	68		1	1	5	1		1	1	1		2	4		1			
TCGA-FS-A4F9		11	2	5	2	216	184	2	2	3	9	4	1	1	2	1	1	4	3	1	3	1	1	
TCGA-FS-A4FB		8	4	2	2	93	81	3	3	2	3	3		2	1	1			2				2	
TCGA-FS-A4FC	4	11	9	9	6	328	382	2	4	7	8	4	1	1	1	1	1	2	8	1	1	3	1	2
TCGA-FS-A4FD	3	8	4	7	1	234	202	3	5	9	9	4	1			2	1	5	1	1	1	2		2
TCGA-FW-A3I3	1	2	3	3	5	4	12	3	2	2	2	1		1			1	8	8				2	
TCGA-FW-A3R5	23	73	56	59	28	9802	9493	37	67	72	73	34	8	4	11	6	1	9	10	5	8	11	4	10
TCGA-FW-A3TU	4	9	11	14	12	381	327	8	15	12	11	6	2	2		1		5	6	1	2	5	2	3
TCGA-FW-A3TV	4	3	6	5	4	137	149		1	4	10	2	1	2	1	1	1		1					
TCGA-FW-A5DX	1	7	2	5	5	94	75	1	3	2	6	1		1				2	3		1			
TCGA-FW-A5DY			1		1	33	32	1	1						1									
TCGA-GF-A2C7			1	1	1	30	26		2		2				1				1			1	2	
TCGA-GF-A3OT	5	11	6	8	7	243	232	3	7	4	12	6	1	1	1	1	1	2	3		2	3		1
TCGA-GF-A4EO	4	4	2	8		104	96	3	4	1	5	3	2	1	2	1	1	2	2				1	
TCGA-GF-A6C8	2	4	1		2	126	131	3	6	5	8	4		1	1	2	1	1	2			2	1	
TCGA-GF-A6C9	19	36	9	12	14	994	912	7	12	12	40	12	1	5	3	2	4	6	3	1		2	4	3
TCGA-GN-A262		6	5	9	4	136	134	4	4	5	5	4	1	1	4	1		1	4				1	1
TCGA-GN-A263	2	8	4	7	2	219	153	2	2	1	5	1	1		2		1		1	1			1	1
TCGA-GN-A264	1	1	1	3	2	8	6	2	1			3		1	1	1	1							1
TCGA-GN-A265	4	6		2	1	34	40	2	3	1	8	2		1	1					1			2	
TCGA-GN-A266	19	39	28	28	12	1559	1473	19	11	41	52	18	4	2	4	3	3	3	5	1	3	3	6	3
TCGA-GN-A267	2	7	4	5	3	174	206	2	5	4	8	3	1		1		1	4	5	1	1			2
TCGA-GN-A268	1	8	4	5	2	147	138	4	3	6	12		1	2	1		2	2	1	1	2	1	1	2
TCGA-GN-A269	5	10	4	2	4	292	309	3	3	2	15	7	1	3	3			1	2	1	2	2	4	2
TCGA-GN-A26A	4	2	2		1	83	99	2	2	3	5	3	1	1				2	1	2	1	1	1	1
TCGA-GN-A26C	8	13	10	8	10	522	456	12	3	5	21	6	1	3	1		1	1	1		1		3	2
TCGA-GN-A26D			1	9	3	4	4	1	9	1	4	1		1				2					2	
TCGA-HR-A2OG	4	5	5	3	1	63	63	2			8	1						1	1	1		1		1
TCGA-HR-A2OH		1		2	1	32	54	1	3	2	3	1		1	1			2	1					
TCGA-IH-A3EA	4	20	6	9	11	731	696	11	13	13	18	8	3	8	7	4	2	6	7	2	2	4	1	4
TCGA-QB-A6FS	7	12	4	4	6	431	426	2	5	4	12	2	3	3	2	1		5	6	2			2	3
TCGA-RP-A690	1	1			1	1	3	1				2						1						1
TCGA-RP-A693	7	12	8	11	6	268	248	5	4	12	10	4	1	1	1	2	1	2	1	1	1			1
TCGA-RP-A694	1	3	9	8	1	234	259	3	4	1	9	4	1	1	1			2	3	1	3	2	2	
TCGA-RP-A695	2	14	7	6	5	314	289	4	4	8	16	7	2	2	1	1	3	7	6	2		2	1	7
