Barcode	UVRAG_mRNA	% PCT_UV_O	% PCT_UV_X
TCGA-BF-A1PV	-1.3915	91.17647059	20
TCGA-BF-A1PX	-0.5358	88.51351351	0
TCGA-BF-A1PZ	-0.1615	90.05847953	33.33333333
TCGA-BF-A1Q0	-0.3275	77.02020202	11.11111111
TCGA-BF-A3DJ	-0.4903	85.80645161	30
TCGA-BF-A3DL	-1.6281	88.9596603	50
TCGA-BF-A3DM	-0.0774	91.18198874	29.41176471
TCGA-BF-A3DN	-0.8108	80.23255814	12.5
TCGA-BF-A5EO	-1.6491	90.83969466	27.77777778
TCGA-BF-A5EQ	-0.6269	91.68081494	33.33333333
TCGA-D3-A1Q1	-1.4325	31.57894737	38.46153846
TCGA-D3-A1Q3	0.93	7.407407407	20
TCGA-D3-A1Q4	0.0608	90.4109589	16.66666667
TCGA-D3-A1Q5	-0.7354	87.21590909	23.52941176
TCGA-D3-A1Q6	-1.0523	90.4109589	39.13043478
TCGA-D3-A1Q7	-0.4442	91.46341463	50
TCGA-D3-A1Q8	-1.5345	89.90825688	55.55555556
TCGA-D3-A1Q9	-0.153	30.76923077	33.33333333
TCGA-D3-A1QA	0.2543	89.21052632	37.5
TCGA-D3-A1QB	1.4257	86.71328671	0
TCGA-D3-A2J6	3.4961	27.02702703	50
TCGA-D3-A2J7	-0.519	91.72661871	33.33333333
TCGA-D3-A2J8	-0.1934	87.14285714	50
TCGA-D3-A2J9	1.0254	80	0
TCGA-D3-A2JA	-0.8059	84.47761194	16.66666667
TCGA-D3-A2JB	10.2426	8.333333333	25
TCGA-D3-A2JC	1.0289	76.47058824	33.33333333
TCGA-D3-A2JD	-1.3913	81.91489362	33.33333333
TCGA-D3-A2JF	1.9311	92.19712526	28.57142857
TCGA-D3-A2JG	-0.1645	83.17757009	0
TCGA-D3-A2JH	1.0216	84.95575221	25
TCGA-D3-A2JK	-1.7385	88.57142857	10
TCGA-D3-A2JL	-1.6017	75.43859649	50
TCGA-D3-A2JN	-1.0972	83.88429752	9.090909091
TCGA-D3-A2JO	-0.7496	77.19298246	14.81481481
TCGA-D3-A2JP	0.2039	79.67479675	40
TCGA-D3-A3BZ	-0.0617	25	60
TCGA-D3-A3C1	-0.0348	83.55263158	53.84615385
TCGA-D3-A3C3	0.9096	82.9787234	42.85714286
TCGA-D3-A3C6	-0.3033	75.70093458	60
TCGA-D3-A3C7	-1.2891	85.71428571	20
TCGA-D3-A3C8	0.6231	59.3220339	0
TCGA-D3-A3CB	0.8309	89.81481481	0
TCGA-D3-A3CC	-0.8355	42.85714286	33.33333333
TCGA-D3-A3CE	0.2455	20.58823529	14.28571429
TCGA-D3-A3CF	0.7857	35.29411765	0
TCGA-D3-A3ML	1.5416	90.54187192	28.57142857
TCGA-D3-A3MO	-1.4656	66.66666667	53.33333333
TCGA-D3-A3MR	-0.8768	89.28987194	31.81818182
TCGA-D3-A3MU	-0.5012	87.19512195	25
TCGA-D3-A3MV	-1.0334	90.01751313	23.52941176
TCGA-D3-A51E	0.3899	85.18518519	28.57142857
TCGA-D3-A51F	0.2735	81.94444444	33.33333333
TCGA-D3-A51G	-0.9436	90.87481146	27.77777778
TCGA-D3-A51J	-0.3557	91.70305677	26.31578947
TCGA-D3-A51K	-1.0321	23.52941176	66.66666667
TCGA-D3-A51N	-0.8127	79.12087912	42.85714286
TCGA-D3-A51R	-0.9605	91.82389937	25
TCGA-D3-A51T	1.0332	91.08280255	19.04761905
TCGA-D3-A5GN	-0.6678	91.83266932	30.76923077
TCGA-D3-A5GO	-0.3309	92.88277512	42.85714286
TCGA-D3-A5GR	0.4422	84.2519685	52.63157895
TCGA-D3-A5GS	-1.096	95.76470588	25
TCGA-D3-A5GT	-1.0319	26.66666667	60
TCGA-D3-A5GU	-1.1173	87.24747475	64
TCGA-D9-A148	0.1499	85.90909091	20
TCGA-D9-A149	-0.1508	83.83233533	10
TCGA-D9-A1JW	3.5143	87.7293578	29.03225806
TCGA-D9-A1JX	-1.1363	81.92771084	28.57142857
TCGA-D9-A1X3	-0.1439	59.375	50
TCGA-D9-A3Z1	0.4162	91.98396794	43.47826087
TCGA-D9-A3Z3	-1.0045	87.76978417	50
TCGA-D9-A3Z4	-1.3482	83.43558282	35.71428571
TCGA-D9-A4Z2	-0.7461	43.47826087	25
TCGA-D9-A4Z3	-0.7528	87.63127188	34.61538462
TCGA-D9-A4Z5	2.9788	42.85714286	58.33333333
TCGA-D9-A6E9	0.0618	87.61061947	47.05882353
TCGA-D9-A6EA	-0.5197	85.68904594	17.64705882
TCGA-D9-A6EC	-0.0848	68.1466031	19.48051948
TCGA-DA-A1HV	-0.7694	90.37690457	30
TCGA-DA-A1HW	0.0234	88.70431894	0
TCGA-DA-A1HY	-0.6276	90.96774194	25
TCGA-DA-A1I0	-1.6741	89.6	29.41176471
TCGA-DA-A1I1	-0.5597	84.56140351	18.18181818
TCGA-DA-A1I2	-0.0221	86.66666667	20
TCGA-DA-A1I4	-0.8052	91.82879377	37.5
TCGA-DA-A1I5	-1.1082	88.0239521	5.263157895
TCGA-DA-A1I7	-0.2319	88.3161512	50
TCGA-DA-A1I8	-0.4417	81.31868132	31.25
TCGA-DA-A1IA	-1.7505	86.61202186	25
TCGA-DA-A1IC	-0.8163	87.99149841	36.36363636
TCGA-DA-A3F2	-1.0816	28.57142857	50
TCGA-DA-A3F3	4.3062	85.17350158	40
TCGA-DA-A3F5	-1.4938	81.05590062	41.93548387
TCGA-DA-A3F8	0.2712	94.17152373	21.21212121
TCGA-EB-A1NK	-0.7219	85.71428571	20
TCGA-EB-A24C	1.8239	44.44444444	20
TCGA-EB-A24D	-0.142	87.26937269	9.090909091
TCGA-EB-A299	-0.8793	86.66666667	16.66666667
TCGA-EB-A3HV	-1.1324	72.4137931	28.57142857
TCGA-EB-A3XB	-1.6141	89.86083499	31.03448276
TCGA-EB-A3XC	-0.6132	84.25	35.71428571
TCGA-EB-A3XD	-0.0868	92.8	50
TCGA-EB-A3XE	0.7368	42.85714286	50
TCGA-EB-A3Y6	-1.5345	88.4057971	40
TCGA-EB-A3Y7	-1.9267	86.22862286	21.27659574
TCGA-EB-A41A	-0.4933	92.20205983	24.59016393
TCGA-EB-A42Y	-1.1845	48.8372093	40
TCGA-EB-A42Z	-0.6941	80	54.54545455
TCGA-EB-A430	-1.2506	86.86868687	35
TCGA-EB-A431	-1.4016	90.63331559	35
TCGA-EB-A44N	-0.1805	88.0952381	25
TCGA-EB-A44O	-1.8971	88.86827458	38.0952381
TCGA-EB-A44P	0.1505	87.42690058	15.78947368
TCGA-EB-A44Q	1.2011	54.05405405	43.75
TCGA-EB-A44R	-0.9912	35.71428571	50
TCGA-EB-A4IQ	-1.3612	57.14285714	42.85714286
TCGA-EB-A4IS	-0.1166	88.35125448	36.36363636
TCGA-EB-A4OY	-1.2148	28.94736842	55.55555556
TCGA-EB-A4OZ	-1.3355	25	50
TCGA-EB-A4P0	1.0349	82.84313725	21.42857143
TCGA-EB-A551	-0.2857	89.14956012	33.33333333
TCGA-EB-A553	-1.7254	78.93081761	31.42857143
TCGA-EB-A57M	4.0793	30.43478261	75
TCGA-EB-A5SE	-1.1151	90.30837004	37.5
TCGA-EB-A5SG	-0.4743	85.14285714	0
TCGA-EB-A5UL	-1.2953	83.69905956	41.66666667
TCGA-EB-A5UM	-0.4089	88.49765258	41.66666667
TCGA-EB-A5UN	-0.6959	88.68940754	18.75
TCGA-EE-A17X	-0.8802	90.07633588	41.17647059
TCGA-EE-A17Y	-0.8769	86.36363636	42.85714286
TCGA-EE-A17Z	0.2458	9.090909091	50
TCGA-EE-A180	-0.9508	88.26714801	57.14285714
TCGA-EE-A181	1.1174	85.49747049	9.090909091
TCGA-EE-A182	-2.5447	89.72972973	47.5
TCGA-EE-A183	-0.591	79.43548387	10
TCGA-EE-A184	0.1108	24	27.27272727
TCGA-EE-A185	0.6683	88.29787234	66.66666667
TCGA-EE-A20B	-1.4023	86.84210526	20
TCGA-EE-A20C	-0.633	84.75499093	20
TCGA-EE-A20F	-0.3841	89.1025641	0
TCGA-EE-A20H	-0.8041	83.94415358	43.24324324
TCGA-EE-A20I	-0.343	38.46153846	80
TCGA-EE-A29A	-0.133	90.76923077	42.85714286
TCGA-EE-A29B	-1.1214	88.69395712	30.76923077
TCGA-EE-A29C	-1.648	91.60493827	50
TCGA-EE-A29D	0.5888	92.77881787	28.88888889
TCGA-EE-A29E	-0.8669	92.98418972	13.15789474
TCGA-EE-A29G	-0.3807	80.92783505	0
TCGA-EE-A29H	0.0439	89.17197452	42.85714286
TCGA-EE-A29L	-0.8743	89.943074	29.62962963
TCGA-EE-A29M	-0.9093	93.36170213	21.95121951
TCGA-EE-A29N	0.1432	86.02150538	31.25
TCGA-EE-A29P	0.4492	90.72164948	22.22222222
TCGA-EE-A29Q	-1.1595	83.56643357	0
TCGA-EE-A29R	-1.2299	90.64649243	31.57894737
TCGA-EE-A29S	-0.3872	88.46938776	11.11111111
TCGA-EE-A29V	-0.3325	89.21453693	20
TCGA-EE-A29W	-0.7204	86.44067797	33.33333333
TCGA-EE-A29X	-0.7857	85.12396694	100
TCGA-EE-A2A0	1.815	86.78571429	18.18181818
TCGA-EE-A2A1	0.8469	90.03322259	25
TCGA-EE-A2A2	-0.2347	85.30864198	21.66666667
TCGA-EE-A2A5	-1.3059	87.32394366	42.85714286
TCGA-EE-A2A6	-0.3921	89.30041152	50
TCGA-EE-A2GB	0.2422	91.20879121	14.28571429
TCGA-EE-A2GC	0.7276	91.36137494	27.27272727
TCGA-EE-A2GD	-0.1617	86.52291105	27.27272727
TCGA-EE-A2GE	-0.7078	81.73913043	33.33333333
TCGA-EE-A2GH	5.098	83.2460733	0
TCGA-EE-A2GI	0.168	90.73614557	19.51219512
TCGA-EE-A2GJ	0.82	87.89699571	22.22222222
TCGA-EE-A2GL	0.3087	87.39495798	0
TCGA-EE-A2GM	-0.6584	92.85714286	28.57142857
TCGA-EE-A2GN	-0.6481	88.92857143	16.66666667
TCGA-EE-A2GO	-0.4994	88.3235486	17.07317073
TCGA-EE-A2GP	0.0379	91.09489051	25
TCGA-EE-A2GR	3.5814	88.38141026	31.81818182
TCGA-EE-A2GS	-0.5261	89.48863636	36.36363636
TCGA-EE-A2GT	0.1046	83.22147651	25
TCGA-EE-A2GU	0.6708	91.22516556	57.14285714
TCGA-EE-A2M5	-0.8722	86.77736777	14.28571429
TCGA-EE-A2M6	-0.5208	88.91089109	25
TCGA-EE-A2M7	-0.777	51.35135135	25
TCGA-EE-A2M8	0.5452	76.47058824	0
TCGA-EE-A2MC	0.6242	85.34031414	21.05263158
TCGA-EE-A2MD	-0.7883	92.58710156	16.66666667
TCGA-EE-A2ME	1.4999	37.5	0
TCGA-EE-A2MF	0.5787	82.33082707	27.77777778
TCGA-EE-A2MG	0.8316	83.51648352	0
TCGA-EE-A2MH	-0.719	90.51724138	44.44444444
TCGA-EE-A2MI	0.045	90.91806515	34.7826087
TCGA-EE-A2MJ	3.5441	91.35180521	5.263157895
TCGA-EE-A2MK	0.2699	89.05660377	25
TCGA-EE-A2ML	-0.0982	88.61283644	36.36363636
TCGA-EE-A2MM	2.9544	92.50645995	54.54545455
TCGA-EE-A2MN	2.9849	88.32116788	33.33333333
TCGA-EE-A2MP	-0.3978	85.83333333	28.57142857
TCGA-EE-A2MQ	-0.652	84.44444444	23.52941176
TCGA-EE-A2MR	0.4703	94.31356621	22.22222222
TCGA-EE-A2MS	-0.1815	93.98236872	30.23255814
TCGA-EE-A2MT	-1.199	90.34627492	26.92307692
TCGA-EE-A2MU	-0.6471	88.06584362	18.18181818
TCGA-EE-A3AA	-0.3156	85.14412417	20
TCGA-EE-A3AB	-1.3271	59.65583174	3.296703297
TCGA-EE-A3AC	-0.3833	90.08498584	20
TCGA-EE-A3AD	0.4027	89.83516484	16.66666667
TCGA-EE-A3AF	-0.8971	89.86486486	36.66666667
TCGA-EE-A3AG	-0.8367	91.84308842	20
TCGA-EE-A3AH	-0.6443	90.2173913	36.36363636
TCGA-EE-A3J3	-0.4546	84.52380952	50
TCGA-EE-A3J4	-0.1055	79.375	65
TCGA-EE-A3J5	0.6001	85.88709677	32.8125
TCGA-EE-A3J7	-0.9398	85.74126534	59.09090909
TCGA-EE-A3J8	-0.6379	87.45519713	38.88888889
TCGA-EE-A3JA	9.6389	93.34532374	35.29411765
TCGA-EE-A3JB	0.2827	83.79705401	40.54054054
TCGA-EE-A3JD	1.1075	90.39252336	25
TCGA-EE-A3JE	0.7735	86.36363636	8.333333333
TCGA-EE-A3JH	-0.0882	88.82681564	72.72727273
TCGA-EE-A3JI	5.1179	87.34939759	31.25
TCGA-ER-A193	-0.7966	89.14683691	21.73913043
TCGA-ER-A194	0.3384	91.64785553	40
TCGA-ER-A195	-0.1525	89.8089172	0
TCGA-ER-A198	-0.1865	90.43478261	41.66666667
TCGA-ER-A199	-0.5194	88	22.22222222
TCGA-ER-A19A	0.2349	97	0
TCGA-ER-A19B	-0.2919	40	14.28571429
TCGA-ER-A19C	0.0722	86.25	33.33333333
TCGA-ER-A19D	-1.126	89.27789934	33.33333333
TCGA-ER-A19E	-0.724	83.25	21.42857143
TCGA-ER-A19F	-0.2206	88.45671267	3.571428571
TCGA-ER-A19G	-0.344	85.67961165	30.43478261
TCGA-ER-A19H	-0.6544	88.83495146	25
TCGA-ER-A19J	-0.0127	86.04651163	33.33333333
TCGA-ER-A19K	-0.2799	89.56834532	46.66666667
TCGA-ER-A19L	-1.5987	78.94736842	16.66666667
TCGA-ER-A19M	0.3369	91.78356713	35
TCGA-ER-A19N	0.3389	88.93617021	11.11111111
TCGA-ER-A19O	-1.7812	90.90909091	20
TCGA-ER-A19P	0.5573	28.44827586	0
TCGA-ER-A19Q	1.786	92.13483146	33.33333333
TCGA-ER-A19S	-0.8654	84.67153285	16.66666667
TCGA-ER-A19T	0.7412	32.35294118	50
TCGA-ER-A19W	1.4088	85.54216867	40
TCGA-ER-A1A1	2.3746	73.33333333	#DIV/0!
TCGA-ER-A2NC	-0.674	89.97429306	36.36363636
TCGA-ER-A2ND	0.7998	69.07216495	40
TCGA-ER-A2NE	-1.2455	85.24590164	0
TCGA-ER-A2NG	-1.1479	73.41772152	20
TCGA-ER-A2NH	-0.0888	86.71328671	0
TCGA-ER-A3ES	4.9995	31.57894737	66.66666667
TCGA-ER-A3ET	-0.503	33.75	50
TCGA-ER-A3EV	7.1877	37.5	55.55555556
TCGA-ER-A3PL	-0.6666	94.23558897	57.14285714
TCGA-ER-A42H	0.0857	41.17647059	85.71428571
TCGA-ER-A42K	1.0877	86.2745098	21.42857143
TCGA-ER-A42L	-0.6879	90.75535513	48.14814815
TCGA-FR-A2OS	-0.6216	38.88888889	37.5
TCGA-FR-A3R1	-0.4205	92.71523179	47.61904762
TCGA-FR-A3YN	-1.3268	88.48	30
TCGA-FR-A3YO	-1.7212	91.90421893	28
TCGA-FR-A44A	0.3224	87.14733542	55.55555556
TCGA-FR-A69P	-1.0093	92.05298013	16.66666667
TCGA-FS-A1YW	2.9101	90.38461538	33.33333333
TCGA-FS-A1YX	0.0426	56.25	33.33333333
TCGA-FS-A1YY	-0.5506	92.57425743	64.28571429
TCGA-FS-A1Z0	-0.6184	79.89690722	50
TCGA-FS-A1Z3	-0.0332	89.53377735	19.56521739
TCGA-FS-A1Z4	0.7898	50	33.33333333
TCGA-FS-A1Z7	-1.0716	93.22916667	45.45454545
TCGA-FS-A1ZA	-1.0912	87.98029557	19.04761905
TCGA-FS-A1ZB	1.3891	87.93103448	66.66666667
TCGA-FS-A1ZC	-0.8995	88.98944193	41.17647059
TCGA-FS-A1ZD	-0.3063	86.23853211	23.07692308
TCGA-FS-A1ZE	1.3611	83.96946565	45.45454545
TCGA-FS-A1ZF	-0.7455	86.48648649	30.43478261
TCGA-FS-A1ZG	0.0692	21.42857143	0
TCGA-FS-A1ZH	-1.3487	62.5	50
TCGA-FS-A1ZJ	-0.1157	30.35714286	57.14285714
TCGA-FS-A1ZK	-0.5323	90.29057406	6
TCGA-FS-A1ZM	-0.6207	79.8816568	28.57142857
TCGA-FS-A1ZN	-0.2425	95.55555556	42.85714286
TCGA-FS-A1ZP	1.4628	88.63636364	22.22222222
TCGA-FS-A1ZQ	-0.8335	91.06699752	50
TCGA-FS-A1ZR	-0.6589	92.30769231	33.33333333
TCGA-FS-A1ZS	-0.2059	83.76383764	50
TCGA-FS-A1ZT	5.5095	82.66666667	46.66666667
TCGA-FS-A1ZU	-0.2496	47.82608696	41.66666667
TCGA-FS-A1ZW	0	90.6200318	30.43478261
TCGA-FS-A1ZY	0.5565	55.55555556	80
TCGA-FS-A1ZZ	0.099	91.54727794	21.875
TCGA-FS-A4F0	1.2659	88.33333333	35.71428571
TCGA-FS-A4F4	-1.3431	58.33333333	71.42857143
TCGA-FS-A4F5	-1.0382	90.5952381	16.66666667
TCGA-FS-A4F8	0.8609	87.58169935	60
TCGA-FS-A4F9	-0.3598	90.90909091	36.84210526
TCGA-FS-A4FB	-1.3199	85.29411765	25
TCGA-FS-A4FC	-0.3575	91.73126615	43.47826087
TCGA-FS-A4FD	2.6545	89.16155419	37.5
TCGA-FW-A3I3	-0.7544	40	80
TCGA-FW-A3R5	1.0051	97.36589797	21.83908046
TCGA-FW-A3TU	-1.2281	87.40740741	37.93103448
TCGA-FW-A3TV	1.8365	88	14.28571429
TCGA-FW-A5DX	-1.0334	83.66336634	71.42857143
TCGA-FW-A5DY	0.5136	94.20289855	0
TCGA-GF-A2C7	-1.5198	88.88888889	20
TCGA-GF-A3OT	-0.4912	87.31617647	31.25
TCGA-GF-A4EO	0.7331	85.47008547	33.33333333
TCGA-GF-A6C8	-0.2478	88.01369863	27.27272727
TCGA-GF-A6C9	-0.1531	91.67869168	26.47058824
TCGA-GN-A262	-0.0004	85.44303797	35.71428571
TCGA-GN-A263	0.8836	91.62561576	12.5
TCGA-GN-A264	0.0852	50	0
TCGA-GN-A265	-0.4758	71.84466019	0
TCGA-GN-A266	0.9942	91.90663838	20
TCGA-GN-A267	-1.0563	89.83451537	56.25
TCGA-GN-A268	0.1676	86.36363636	18.75
TCGA-GN-A26A	-1.4307	88.34951456	27.27272727
TCGA-GN-A26C	-0.4179	91.06145251	14.28571429
TCGA-GN-A26D	1.8513	21.62162162	40
TCGA-HR-A2OG	-1.1078	81.29032258	40
TCGA-HR-A2OH	-0.6981	86	60
TCGA-IH-A3EA	-1.5336	92.66233766	26
TCGA-QB-A6FS	-0.9602	93.66120219	40.74074074
TCGA-RP-A690	1.628	40	50
TCGA-RP-A693	-0.0218	86.72268908	25
TCGA-RP-A694	2.2453	91.97761194	31.25
TCGA-RP-A695	-0.1515	89.20118343	38.23529412