COMMON	ATG9A	BECN1	CUL4A	DDB1	DDB2	ERCC2	ERCC3	ERCC4	ERCC5	PIK3C3	PRKDC	XPA	XPC	XRCC5	XRCC6
TCGA-3N-A9WD-06	-0.7418	-1.1462	1.3506	-0.6955	-0.8730	-0.2698	-0.9301	-0.8790	1.6045	0.0736	-1.1852	1.2996	-0.5074	-0.7601	-0.7048
TCGA-ER-A19O-06	3.3927	-1.6377	-2.0521	1.2714	-0.1849	1.2328	-2.3703	-1.9973	-1.5417	-1.7395	-1.4915	-1.3966	-0.2997	-2.0845	-1.4316
TCGA-EE-A3J4-06	-0.2233	0.3393	0.8581	-0.3054	0.5254	-0.2209	0.1310	-0.8318	-0.3224	-0.3027	1.6209	-0.1004	4.0395	0.2503	-0.0716
TCGA-RP-A695-06	0.3525	2.1074	2.2476	-0.2807	-0.0907	0.8582	-2.1299	-1.0423	0.0027	-0.0996	-0.2203	-0.6161	-0.8642	-0.4179	1.7860
TCGA-FS-A1ZR-06	0.4658	0.3655	-0.3308	-0.2089	0.6291	-0.2978	0.1617	0.7805	-0.6270	0.2387	2.1519	-0.8054	-0.0551	0.0539	-0.1873
TCGA-EE-A2GE-06	-0.8499	-0.0081	-1.2856	-0.9072	-0.8246	-0.7676	-0.2158	0.5091	-0.3038	-0.0892	0.3140	-0.5662	0.0886	-0.2110	0.1410
TCGA-EE-A2M8-06	-0.6221	0.0909	-0.7936	-0.7680	-0.7720	-0.6140	-0.7595	0.0501	0.2782	-0.2713	0.3702	-0.6128	-0.7961	-0.5148	-0.7468
TCGA-EB-A4IS-01	-0.0299	0.7923	-0.0755	-0.5856	-0.3599	0.0505	-0.1721	1.2656	0.5831	0.1974	0.3374	-0.8619	2.5589	-0.3799	-0.8675
TCGA-XV-AAZW-01	-0.5571	0.1191	-0.1845	-0.7275	2.4137	-0.1286	-0.5041	-1.3108	-0.5448	-1.3258	-0.9814	-0.6048	0.4971	-0.7150	-1.6676
TCGA-EE-A3J5-06	-0.0350	0.7891	-1.1809	-0.5786	0.7229	0.0189	1.4995	-0.6553	-0.2278	1.9690	0.9607	-1.0438	-1.0133	0.2022	1.0815
TCGA-BF-AAP7-01	0.6829	0.2268	-0.9621	-0.3495	2.0683	-0.3804	0.0793	-1.5561	-0.8325	-1.2980	-1.2244	-1.0706	-1.4840	-0.1796	0.7242
TCGA-DA-A3F3-06	0.4396	-1.3716	1.7171	-0.2363	-0.5888	-0.5440	-0.7628	-0.0316	0.7902	-0.0493	0.1444	-0.2469	-0.1196	1.1707	-0.4758
TCGA-ER-A19K-01	-0.2953	1.1244	1.3939	0.4078	0.3867	-0.0262	-0.1836	-0.2241	0.0586	0.9868	0.5174	-0.3254	-0.0211	1.1908	-0.0567
TCGA-EE-A2GT-06	3.0692	-0.9083	0.0191	2.8262	-1.2186	1.4218	-0.0471	-0.7653	-0.8603	-0.2265	0.1829	-1.8029	-0.6405	0.7559	0.7513
TCGA-EE-A3AC-06	-0.3539	0.0368	0.7797	-0.0842	-0.0630	0.2999	-0.4570	1.1625	0.2578	-0.4386	0.4663	-0.0103	0.8331	-0.3338	-0.6889
TCGA-EE-A2GR-06	-0.7813	0.2283	0.3650	-0.7544	-0.6157	-0.0213	-0.9242	0.6843	0.8184	0.2237	0.1352	-0.3567	1.0091	-0.5536	0.1646
TCGA-D3-A2JO-06	-0.1039	-1.0148	1.3549	-1.1875	-0.2553	0.3965	1.1573	-0.2066	-0.5516	1.6718	2.6965	0.1605	0.0833	2.1354	8.0396
TCGA-EB-A430-01	-0.6955	1.3564	-0.3722	-0.1922	2.5040	0.0708	-0.5526	-0.3819	-0.9001	-0.9073	-0.8783	0.3920	-0.0484	-1.1568	-0.0456
TCGA-EE-A2MH-06	0.4944	0.9861	-0.8934	-0.3052	-0.2001	-1.1947	-0.8415	-0.2875	-0.6647	-0.5939	-0.8401	-0.5465	-1.0689	-0.9317	-0.1175
TCGA-EB-A24C-01	-0.7075	1.0187	3.8939	0.2468	-0.3070	0.2667	-1.5965	2.6706	1.7586	1.8932	1.8768	0.1369	6.3873	-1.2417	0.7121
TCGA-EE-A29B-06	1.1128	-1.4105	2.0618	1.0514	1.4554	0.8875	-0.6766	-1.2774	0.9300	-0.9024	0.8542	-0.2846	-0.0394	0.4117	0.4924
TCGA-ER-A197-06	-0.3437	-0.4637	0.7682	-0.1760	-0.8963	1.6789	-1.1635	-0.8637	-0.9856	-0.2632	1.1564	-0.6919	-0.2314	-0.1672	0.9230
TCGA-D3-A8GM-06	-1.1624	0.7882	0.7073	-0.0070	-0.1879	-0.4078	0.8920	0.0576	-0.2620	-1.4055	1.5424	0.5529	0.0377	0.0956	0.0956
TCGA-EE-A2MF-06	0.2062	-0.1251	0.3972	0.3152	1.8690	0.9188	-0.3928	0.2241	-0.1841	0.3041	1.4606	-0.1268	-0.5591	1.2156	0.2040
TCGA-EE-A3JH-06	-0.6799	0.3384	-1.0649	-0.9418	-0.5378	-0.3388	-0.2940	-0.2876	-0.3261	-0.5588	-0.8710	-0.9376	0.3607	-0.6886	-1.0372
TCGA-D3-A1QA-06	-0.0375	1.2806	1.8234	0.4462	-1.3241	1.3270	0.6699	1.7571	-0.4946	1.7285	1.5255	-1.1707	-1.2886	-0.4682	-0.1448
TCGA-D3-A8GL-06	-0.1698	1.2815	3.9112	0.4069	-0.7094	-0.0102	0.2573	0.6883	1.6922	0.2863	0.8960	-0.6806	-0.6131	-1.0031	-0.1816
TCGA-D3-A1QA-07	0.1288	0.1371	1.6070	0.1410	-1.2967	0.7370	-0.3217	0.1591	-0.8720	2.0572	1.8443	-0.4698	-0.7177	0.9554	1.7845
TCGA-D9-A6EA-06	-0.6558	-0.5732	-1.4925	-0.3072	-1.3122	-0.7636	-1.3258	0.1633	-1.1349	-0.1789	0.5350	-0.0948	-0.7624	-1.4740	-0.1582
TCGA-ER-A19Q-06	0.1164	0.0059	-1.5982	-0.0270	-0.6607	-0.0730	-0.5949	0.2399	-1.6690	-0.3713	0.2142	-1.7499	-1.2056	-0.4544	0.5085
TCGA-FS-A4F9-06	0.7474	-1.0811	-0.7351	1.3200	-1.4432	-0.2099	0.9896	-0.8003	0.5542	0.7086	0.4760	-0.6950	-0.3992	0.9194	0.6364
TCGA-EB-A6QZ-01	0.1435	1.6386	-0.2128	0.0242	1.1924	-0.0242	1.5189	-0.7612	-0.5430	-1.0227	0.2467	0.5852	-0.5664	1.3881	1.4658
TCGA-EB-A6L9-06	-0.3520	-0.8841	-1.7029	0.1396	-0.9449	-0.1166	-1.2931	-1.9277	-1.3796	-1.6744	-0.2015	-0.9353	-1.1674	-1.6936	0.9613
TCGA-D3-A5GN-06	-0.3098	0.4826	-1.0786	-1.4152	-1.2344	-0.9737	4.0450	1.2690	-1.2466	1.5804	2.2621	-0.3475	-0.6282	1.8948	2.3336
TCGA-D3-A2JL-06	-0.2878	0.6502	-2.0830	-1.2625	-0.2515	-0.2128	-0.7474	-1.2121	-0.5160	-1.2332	-1.7575	-1.4237	-0.3624	-0.0013	0.5206
TCGA-EE-A2GU-06	0.0107	0.2660	1.5274	0.7716	-0.7423	-0.2015	-0.1246	-0.3321	1.3609	1.3900	0.9955	-0.0836	-0.3306	1.2657	0.3494
TCGA-EB-A5SE-01	-0.0613	-0.0523	0.5415	-0.6936	-0.4930	-0.4953	1.0567	0.2691	-0.9478	0.8336	0.7242	-0.1995	-0.6529	-0.3125	-0.3340
TCGA-GN-A265-06	-0.8059	0.1606	-0.5349	-1.0536	1.1942	-0.6683	-0.4403	-0.2413	1.4060	0.4745	1.5036	-0.7305	-0.2275	-0.4148	2.1582
TCGA-EB-A44O-01	-0.7728	-1.5794	5.3045	-0.8507	0.9598	0.1094	0.7870	1.1733	1.5557	0.4040	0.3139	0.1364	-0.2385	0.3089	-0.3404
TCGA-ER-A196-01	1.7249	-1.3904	1.0549	0.4542	-0.8514	-0.6805	-1.2934	-0.5178	-0.0431	0.6057	0.4159	-1.1559	-0.6991	0.4441	-0.2124
TCGA-GN-A262-06	1.1350	-1.0059	0.3461	-0.1141	-0.2771	0.8902	0.8415	-1.8615	0.0597	6.4110	-0.6651	-0.6011	-1.2815	1.3931	-0.1045
TCGA-FS-A1ZP-06	0.5419	-0.5886	0.9555	1.6181	-0.3269	-0.8775	-0.0666	1.8240	0.3027	0.5218	2.7444	0.6270	0.5388	2.3820	1.7179
TCGA-DA-A1I5-06	0.4042	-0.3271	-0.4548	-1.0062	-1.1901	-1.1154	0.3301	-1.1354	-0.9599	0.4099	-0.8721	-0.6283	-1.4043	0.1274	0.9294
TCGA-EB-A82B-01	0.9690	-0.5659	-1.6184	3.6149	2.9275	-0.3741	0.7204	-0.8522	-2.1472	-0.6948	0.3325	0.4026	-1.0030	-0.4928	4.2545
TCGA-GN-A4U8-06	-0.8410	-0.2368	-0.1485	-0.8938	0.1848	-0.5582	-0.8115	-0.9958	-0.0496	0.2796	-0.4873	2.8575	-0.3926	0.6631	-0.6773
TCGA-GN-A264-06	-0.4589	-0.2091	0.7265	-0.7193	-1.0631	-0.7625	0.6414	0.4288	-0.0847	0.7905	2.4156	-0.5214	2.3678	-0.5618	1.7665
TCGA-FS-A1ZN-01	-0.2584	0.0055	-0.6374	-0.3927	0.2672	-0.2885	0.3509	1.2078	-0.4773	0.0374	0.1192	0.9634	0.6226	1.6365	-0.5803
TCGA-EE-A20B-06	-1.0116	-0.1292	0.3577	-0.2825	0.0766	-0.3024	-1.2639	0.0800	0.0182	-0.9077	0.0157	-0.5725	1.4815	-1.1140	-0.7634
TCGA-EE-A2GB-06	0.4141	0.5709	1.6978	0.2837	0.9090	-0.5742	-0.4851	2.1998	0.7444	1.4791	0.6078	-0.6508	-0.4676	0.4762	1.8612
TCGA-EE-A20H-06	1.8278	-0.4766	0.9437	0.0141	-0.1371	-0.0061	1.3439	3.9443	0.7041	-0.0795	1.5016	-0.6060	-0.0277	0.9687	2.7638
TCGA-EE-A20I-06	1.7437	-0.0998	-1.4979	1.8808	-0.8443	2.2287	1.3241	-0.7861	-1.0951	-0.5972	-0.4591	-1.4539	-1.2337	1.6541	1.2282
TCGA-W3-A828-06	NaN	NaN	NaN	NaN	NaN	NaN	NaN	NaN	NaN	NaN	NaN	NaN	NaN	NaN	NaN
TCGA-D3-A5GO-06	1.5019	0.9232	0.5140	-0.0681	-1.0546	-0.6802	0.8219	-0.9842	0.0031	-0.5726	-1.1280	-1.1082	-0.8102	-0.2051	-1.9855
TCGA-FS-A1ZH-06	-0.1130	-0.7480	-1.0540	-0.9076	-0.8245	-0.9499	1.5679	0.6012	-0.1280	1.1126	0.2983	-0.4583	0.8252	0.8043	0.1181
TCGA-YG-AA3O-06	-1.5305	-0.0250	1.3355	-0.6253	0.5363	0.0491	1.0948	0.6451	-0.4936	0.5037	1.6958	-1.1066	1.2897	-0.9170	0.7975
TCGA-EE-A3JD-06	-1.5706	0.8807	-0.1838	-0.6434	-1.0591	-1.0730	-0.7296	0.7237	1.6847	0.8425	-0.0177	0.8294	-0.4473	-0.0570	3.4173
TCGA-D9-A6EG-06	-1.6041	0.4038	2.7993	-0.0037	0.4803	-0.7429	0.1031	0.9543	-0.3594	1.0889	1.7072	-0.4415	0.9237	0.9672	-0.0111
TCGA-D3-A8GJ-06	-0.6418	-1.1075	-0.1526	-1.0826	-0.6721	-0.6157	-0.2438	-0.1996	0.4885	0.3874	-0.5486	-0.6143	-0.3644	0.0272	0.8448
TCGA-GN-A9SD-06	-0.0776	1.2686	-1.0849	-0.7473	-0.6561	-0.4302	1.0485	-0.1834	-0.5325	-1.2196	-0.6783	0.5554	-0.3027	-0.1538	-0.3776
TCGA-HR-A2OH-01	NaN	NaN	NaN	NaN	NaN	NaN	NaN	NaN	NaN	NaN	NaN	NaN	NaN	NaN	NaN
TCGA-W3-AA21-06	-0.4824	-1.5634	-1.0237	-0.7559	1.4190	-0.4611	-1.6435	-1.4762	-0.2256	-0.8634	-0.6757	-0.5124	-1.5114	-1.4487	0.2237
TCGA-EB-A41A-01	0.2998	-0.2193	1.1163	-0.1431	-0.2544	-0.6621	2.0224	-1.1245	0.2130	0.1481	-1.2268	1.5151	1.6042	0.3072	-2.4904
TCGA-EE-A3AG-06	-0.0996	1.4843	1.7279	-0.2895	-1.0930	-0.6053	2.9381	0.4953	1.0324	2.8550	2.1457	-0.7112	-0.3789	1.1711	7.1732
TCGA-EE-A3JB-06	0.0030	-0.9095	-1.1617	-0.4053	0.0217	-0.2764	2.1516	2.1238	-1.0774	1.7266	2.7610	-0.8205	-1.2668	2.3023	3.6039
TCGA-FR-A3YN-06	0.1367	5.3244	-0.9459	-0.2113	-0.3219	-0.5805	3.5241	0.7235	-0.7327	0.7231	-0.3234	-0.8527	0.4164	1.9600	0.1935
TCGA-GN-A263-01	-1.7601	2.8303	1.1875	0.1276	-0.1854	-1.6703	-0.5915	-0.4327	3.7664	2.4452	-0.9431	0.8148	-1.3539	2.9481	-0.9215
TCGA-D3-A2JP-06	-0.4257	-0.3693	-0.6525	0.1714	-0.4178	-0.9909	-0.5717	-1.6169	0.1725	0.9220	-0.1151	-0.0184	-1.0129	-0.2218	0.4745
TCGA-HR-A2OH-06	-0.9577	0.1873	-0.3632	-1.1315	-0.8028	-0.1944	-1.0933	0.3465	0.4340	2.2492	0.7033	-0.8575	-0.3100	-0.7844	0.8406
TCGA-BF-A5ER-01	3.2672	-0.5473	-2.1564	3.1859	3.4176	3.9008	-1.2366	-1.6927	-1.5829	-1.3808	1.3632	-1.6717	-0.3429	-0.6839	1.0728
TCGA-FR-A7UA-06	-1.1359	0.1835	-1.1507	-1.2157	-0.0515	-0.8890	-0.5116	-0.0980	1.2951	-0.3385	-1.0444	0.6663	-0.2756	-1.2006	-0.1433
TCGA-HR-A2OG-01	NaN	NaN	NaN	NaN	NaN	NaN	NaN	NaN	NaN	NaN	NaN	NaN	NaN	NaN	NaN
TCGA-D3-A51R-06	-0.6970	-1.9891	0.4097	0.0072	-1.3113	-0.2557	2.0986	-0.3651	0.2074	0.7915	3.4991	1.0120	0.4953	3.8580	0.7931
TCGA-EB-A553-01	-1.3377	-2.0398	-2.3893	-1.1691	0.1874	0.6067	0.2287	-1.5796	-0.9906	-1.4549	-2.2453	-1.4454	-1.3660	-1.4302	-0.3719
TCGA-EB-A299-01	-0.2169	0.2963	0.5611	-0.7692	0.5140	-0.6305	-0.0869	-0.9149	2.2631	-1.3036	-1.3186	0.0463	-0.5085	-0.8624	-0.8321
TCGA-HR-A2OG-06	-1.5967	0.6986	0.3643	-0.6460	-0.8045	-0.6886	-1.2359	-0.0675	0.5200	0.3215	-1.1502	-0.5063	1.4063	-0.9599	-0.8977
TCGA-EE-A3AD-06	-0.1065	-0.3817	1.3720	0.3284	-0.8297	-1.1332	1.6671	2.9130	0.4158	-0.1963	2.6615	-0.3947	0.9169	-0.4404	0.3646
TCGA-FS-A1Z4-06	0.3331	-1.1738	1.0034	-0.4766	-1.0353	0.2669	0.6074	0.6948	0.1936	0.8213	2.1998	0.9993	-1.0016	1.3101	-0.2856
TCGA-ER-A19N-06	0.8461	-1.1464	1.0731	0.0063	-0.5221	0.1727	0.6092	0.2780	-0.2151	-0.2970	0.1310	-0.4226	-0.9116	-0.0515	-0.5125
TCGA-D9-A1X3-01	NaN	NaN	NaN	NaN	NaN	NaN	NaN	NaN	NaN	NaN	NaN	NaN	NaN	NaN	NaN
TCGA-EB-A5VV-06	-1.4001	-0.5327	-0.1957	-1.2908	0.0974	-1.0758	0.3324	-0.5698	4.5879	-0.6027	-1.3506	2.9036	0.4423	-0.8635	-1.0463
TCGA-EB-A3HV-01	1.3595	0.8711	-0.5995	0.7834	0.8425	0.5117	-0.0457	-0.7494	-0.0216	-0.1535	-0.0128	-0.9756	0.4405	0.2831	0.5786
TCGA-WE-AAA0-06	-0.0805	0.6256	0.4357	0.0323	-0.9439	-0.1324	-0.1835	-0.6108	0.3634	-0.1059	-0.9647	0.7769	-0.2071	-0.6419	-0.4296
TCGA-ER-A194-01	4.0964	-1.1796	-1.9415	2.0223	2.1292	1.7225	-2.2068	-1.9086	-0.8350	-1.5329	-1.9190	-1.2324	-0.6369	-1.0762	2.3799
TCGA-EE-A2MU-06	0.0148	-0.4649	-1.3812	-0.2203	-0.9390	0.9483	0.6349	-0.5158	-1.0747	-0.9832	-0.7696	-0.7915	-0.8360	0.5248	2.4904
TCGA-D3-A1Q4-06	-0.3841	2.7998	-0.0221	-0.5206	-0.1416	0.1912	-1.0720	-0.1543	0.4639	0.6489	0.2409	1.1398	-0.7803	0.5905	0.1997
TCGA-WE-A8ZN-06	1.0736	-1.6432	-1.5439	2.0635	2.2653	-0.5382	-1.6726	-1.7621	-0.6504	-1.9200	-2.0703	-0.9974	-1.4472	-1.3798	0.2387
TCGA-FS-A4F0-06	0.4280	0.7656	0.8751	-0.3804	1.6342	0.1113	1.8814	-0.4945	1.6976	0.8645	-0.6091	-0.4121	-0.6651	-0.9385	-2.8052
TCGA-EE-A2MN-06	0.6297	-0.4127	0.9520	-0.9086	-1.3103	-0.7261	-0.4019	0.7803	-0.1579	-0.2387	0.6334	-0.8740	0.3449	-0.3620	4.8490
TCGA-D3-A3MO-06	-0.1608	0.0629	-0.1987	-0.9011	-1.2458	-0.5771	-0.5670	-0.1968	-0.4597	-0.0411	0.5481	0.1774	-0.5569	0.5876	2.2870
TCGA-FS-A1Z7-06	0.0249	0.9220	0.3132	-1.2713	-0.1666	-0.5683	-0.2757	0.1366	-0.0097	-0.0875	0.5232	0.0567	-0.3945	-0.5242	-0.4698
TCGA-EE-A29H-06	0.3069	-1.0780	0.2028	1.6094	0.5818	-0.5071	0.5586	0.6276	-0.2461	-0.0350	0.9721	-0.1135	2.5764	0.0568	0.7117
TCGA-EE-A20F-06	-1.3079	0.4766	1.0894	0.2970	0.2377	-0.9861	0.4960	-0.2664	0.7061	1.0277	0.6652	-0.9360	-1.3075	-1.1094	1.5084
TCGA-WE-A8ZR-06	-0.9391	-0.3302	2.2437	-0.7447	-0.8097	0.7573	-0.2581	0.8397	-0.1628	-1.2594	0.6411	-0.4994	-1.1634	-0.1770	1.5241
TCGA-EE-A29L-06	-0.1897	0.7985	-0.3489	-0.9552	-1.6297	1.2336	0.9435	1.2330	-1.0379	1.5193	0.9061	-0.2595	0.0107	-0.1107	5.9401
TCGA-D3-A2JB-06	-0.6751	0.3087	0.9988	-1.0984	0.1872	0.1312	-0.2113	-0.2997	1.4368	-0.7009	-0.7074	0.6155	-0.2306	0.0033	1.4189
TCGA-WE-A8ZT-06	-0.1230	4.5183	-1.6098	0.9382	0.8305	-0.1099	0.7504	0.4013	0.2401	0.5774	0.1950	1.2818	2.9704	1.4558	-0.7532
TCGA-ER-A2NG-06	-0.8528	0.2163	-0.9647	-0.4935	0.3526	0.6199	-0.3302	1.4865	-1.3073	0.1875	0.4616	-0.2375	-0.0921	-0.2882	2.5762
TCGA-D3-A8GN-06	0.4084	2.6096	0.2564	-1.0830	-0.1544	0.3295	0.6831	-0.4104	1.4558	-0.7820	-1.1002	0.2248	0.6858	0.1641	-0.7217
TCGA-D9-A3Z1-06	-0.6571	1.4742	1.1949	0.0893	0.3928	-0.9118	-0.3224	0.4138	-0.0938	0.7611	-0.8640	0.9545	-0.6406	-0.3158	0.6752
TCGA-GN-A4U9-06	-1.0257	-1.4472	1.3505	-0.9967	-1.0679	-0.5985	1.5354	-0.4764	0.7633	-0.2760	1.2588	1.1040	-0.5984	1.3090	-1.0079
TCGA-EB-A5UL-06	-0.3095	0.2030	-0.1765	-0.7533	-1.1605	-0.1116	1.0389	-0.8446	-0.0368	0.6478	-0.2920	-0.1714	-1.3088	0.1033	3.5942
TCGA-BF-A5EO-01	1.5675	0.0118	-1.3981	1.4624	4.8333	2.8680	0.3578	-1.6834	-1.2368	-1.6415	-1.1264	-2.0172	-0.4813	-1.4157	1.3278
TCGA-D9-A1X3-06	0.5419	2.1472	0.3257	0.3999	0.2472	-0.6504	0.4170	2.0386	0.3996	0.1735	1.0987	-1.5131	-0.0080	-0.0637	0.5571
TCGA-DA-A1I8-06	0.2476	3.1692	-0.7357	-0.6562	1.0766	-1.1481	1.5273	1.3040	0.3875	0.9247	-0.4996	-1.0941	1.0057	-0.0131	0.7642
TCGA-DA-A1HW-06	-0.0877	-0.5614	0.7353	-0.1690	-1.2131	-0.0561	0.1805	-0.8794	-0.2362	2.6635	2.0361	-1.2241	-1.4613	0.6599	1.2345
TCGA-EE-A2GH-06	-1.1054	-0.3010	-0.0471	-0.9005	-0.7428	0.1441	-1.4502	-0.7531	0.5471	1.2098	-0.4358	-0.1942	-1.0083	-1.1292	0.3000
TCGA-D3-A3BZ-06	-0.5892	-0.7752	-1.0466	-0.4919	0.4177	0.0626	0.0410	-1.1034	-1.0195	-1.0838	-0.5054	-0.4339	-1.2753	-0.0925	-0.1639
TCGA-D3-A8GE-06	-0.8066	0.8344	-0.7826	-0.7120	2.0332	-0.9839	-0.8792	0.4438	0.9565	0.3575	-1.1788	0.3829	2.7817	-1.2120	-1.7179
TCGA-D3-A3CE-06	-0.5855	-0.4012	1.1222	-0.0571	-0.1712	-0.1801	0.3467	-0.7942	0.2872	-0.4773	0.8836	0.3805	0.5114	-0.3879	0.6579
TCGA-FR-A3YO-06	1.6301	-1.5281	-0.4114	1.5005	1.6645	0.9346	0.4242	-2.0298	-1.6240	-2.1722	-0.9679	-1.9759	-0.2349	-1.3440	1.4316
TCGA-DA-A95Z-06	0.0462	-0.3918	0.3665	-0.8771	0.4382	0.2995	-0.9383	-0.9182	-0.2875	-0.7098	0.4074	-0.1491	-0.2108	-1.0049	2.5553
TCGA-GN-A8LK-06	1.2929	-0.7654	-1.4410	0.2451	0.0323	0.2551	-0.6316	-1.3458	-1.7830	-1.6631	-1.3370	-1.0056	-1.3429	-0.2143	0.9891
TCGA-FR-A729-06	-1.2506	-0.8208	0.3678	-0.1276	-1.2431	0.2619	2.1153	0.2339	1.5981	-0.1941	0.6459	-0.4353	-0.9309	-0.4015	0.3998
TCGA-IH-A3EA-01	0.9533	-1.1563	-1.3330	0.2642	1.7790	0.1958	-1.8146	-1.9073	-1.2683	-1.0097	-0.8936	-2.0958	-1.3602	-0.2157	3.3434
TCGA-FR-A8YD-06	0.8632	-1.2833	-1.6242	0.3566	0.3389	2.4846	-0.6225	-1.3413	-1.8280	-1.6495	-0.6011	-1.0216	0.0198	-0.8470	16.4195
TCGA-D3-A3CC-06	0.7430	1.7023	0.2767	-0.7158	0.3306	0.2728	-0.1861	-0.6776	0.6989	0.5800	0.8958	-0.3778	0.6706	2.2763	0.4477
TCGA-ER-A2ND-06	-0.7485	-1.3607	-1.0851	-1.2692	-1.1745	-1.2727	-2.2140	0.6850	0.4493	-0.8990	-2.0497	-0.8161	-0.7985	-1.7430	-1.0230
TCGA-GF-A4EO-06	-1.0937	-0.4010	-1.0523	-0.3837	-0.2239	-1.2855	-0.8186	0.3572	0.3820	0.9759	-0.9057	-0.1977	0.0645	-0.8422	-1.0132
TCGA-D9-A3Z4-01	-0.0901	-0.3616	3.4189	-1.2463	-1.0391	-0.9379	1.3864	-0.3663	1.8534	0.6288	2.9328	1.0236	0.5129	-0.2046	0.0017
TCGA-EE-A2GN-06	0.3142	-0.3282	1.1955	-0.2031	-0.6353	0.0866	1.2303	1.7297	-0.1624	-0.3169	0.8769	0.0547	1.3318	2.1498	1.8327
TCGA-EE-A17X-06	2.3046	-0.7787	2.0777	3.2649	0.9598	2.0055	-0.3356	-0.8638	-1.0848	0.2257	0.8493	-0.7264	0.0201	0.1406	0.5392
TCGA-D3-A1QB-06	-0.2337	-1.0857	-0.0308	0.1660	-0.6772	-0.3017	-0.5896	-0.3385	-0.1886	-0.0946	4.7988	-1.0488	-0.1887	0.7155	-0.3227
TCGA-EE-A29D-06	-0.2614	1.5583	-0.4418	-0.1049	2.5958	0.7879	-0.6559	-0.5969	0.3463	-2.0703	0.5096	-0.8497	-0.3081	-0.8868	-0.1534
TCGA-FW-A3I3-06	-0.0862	-1.6103	0.5496	-0.9239	-0.9150	-0.1441	0.5018	-0.9124	-0.6585	3.6241	1.6345	0.0487	-0.3269	0.8535	0.9639
TCGA-EE-A29E-06	-0.7032	0.0971	-1.1356	-0.2272	-1.4570	0.3216	-0.3093	-0.2402	-1.0779	0.5625	1.1102	0.1209	-1.2423	0.0412	-0.4393
TCGA-EE-A3J8-06	-1.6421	0.7013	1.3996	-0.4756	-1.7616	-1.3367	4.8014	4.1299	1.9523	4.4934	2.3067	-1.3719	-0.6806	3.7549	0.8705
TCGA-ER-A1A1-06	-1.0459	-0.4284	-0.0797	-0.6612	-0.2929	-0.4442	-0.5010	0.9287	1.7799	-0.5995	0.1932	1.4483	0.2908	-0.0212	0.0388
TCGA-EB-A97M-01	0.5207	1.1624	-0.4073	-0.4225	-0.0620	1.3060	0.0971	-1.2544	-1.0888	-0.9074	0.5567	-1.5311	-0.8601	-0.0161	1.3712
TCGA-BF-A5EP-01	0.0940	1.5314	-1.1636	1.1929	-0.3235	0.8386	0.7956	0.1463	-1.6734	0.3575	0.7891	-1.6064	-0.7269	0.5062	5.6989
TCGA-ER-A19T-06	-0.4883	-1.3918	-1.7694	-0.7461	1.5698	-0.9336	-0.7636	-1.6790	-1.8155	-1.4501	3.3042	-0.9836	1.2984	-1.2177	7.7480
TCGA-D3-A3C7-06	-0.2137	0.7662	-2.1006	-1.4298	-0.7438	-0.9430	0.9824	-1.0381	-1.4500	-0.3706	-1.1639	-0.6181	-0.0216	-0.9746	0.2025
TCGA-ER-A19T-01	0.8910	-1.9192	-0.6950	-1.2569	-0.7980	-1.6919	-1.1629	-0.0273	-1.7912	-0.2798	8.5603	-1.3094	0.9018	-0.8559	-1.4437
TCGA-D3-A2J7-06	-0.8358	2.0830	-1.4304	0.0281	0.5694	-0.3101	0.2592	0.8779	-1.6108	-1.0585	0.2442	-1.4018	-0.6832	0.0837	0.4999
TCGA-DA-A1I4-06	0.0997	0.1495	-1.5299	-0.0869	-0.3743	-0.4238	-0.6358	-0.3658	-1.3190	-0.6203	-0.0685	-0.9944	-1.2520	0.1507	0.4718
TCGA-EE-A2MD-06	0.4485	0.8088	1.5043	-0.5323	-0.6798	-0.5185	0.4785	1.3095	0.4707	2.1342	2.1140	0.4359	-1.3130	1.7106	1.1801
TCGA-EE-A2M5-06	-0.3697	-0.9995	-0.4408	-0.2661	0.7758	3.1365	-1.1283	0.2181	1.1247	-0.4929	0.3189	-0.1426	0.0057	0.7678	0.6527
TCGA-Z2-AA3V-06	2.2417	-1.5597	-2.1180	0.5877	2.8684	4.5026	-2.1725	-1.8228	-1.8115	-1.8137	-0.9930	-1.9661	-0.7908	-1.5849	0.7555
TCGA-EB-A4OY-01	2.6522	-1.0875	-2.5300	-0.3202	-1.0610	2.2371	-1.8075	-2.1867	-2.5929	-1.7578	-1.3404	-1.6703	-1.7322	-1.2752	5.1500
TCGA-EB-A44P-01	-0.2642	0.5453	0.4456	-0.6992	0.6097	-0.0661	1.2481	-0.2192	1.2610	0.5010	-0.8572	0.7054	-0.3927	0.8770	-1.0764
TCGA-EE-A29N-06	-0.4042	1.5123	-1.2867	-0.2288	1.4321	0.5167	0.7281	0.4612	-0.6814	-0.1951	0.6993	-1.0008	0.5333	0.2034	2.0232
TCGA-EB-A5UM-01	-0.6857	-0.2271	-0.6013	-0.5302	1.4917	0.0395	1.5506	-0.8574	0.2645	-0.2375	-1.4795	-0.9906	-0.4168	-0.8101	2.5011
TCGA-ER-A42K-06	-0.5942	-0.1953	-0.6657	-0.1138	-0.9963	-1.1841	0.1761	0.3174	-0.3415	0.9493	0.2516	0.4667	0.1129	0.4158	-0.4299
TCGA-D3-A3MR-06	-0.6814	-0.6703	-2.1828	-1.1458	0.9427	-0.8084	-1.9385	-1.5546	-0.1383	-1.3269	-1.6112	-0.6835	-0.1391	-1.5394	-1.7035
TCGA-W3-AA1O-06	-1.2020	1.0339	-0.3011	-0.4485	-0.8234	-0.1434	0.1598	2.0767	0.5646	-0.8428	-0.5634	0.0812	-0.8359	-0.6714	-0.4631
TCGA-W3-A825-06	-0.5059	-0.7286	-0.7544	0.1127	-0.1032	-0.7344	0.0267	-1.1181	0.3508	-0.4576	1.0506	-0.5176	0.0215	0.3835	-0.4019
TCGA-WE-A8K1-06	-0.8477	1.9081	0.4281	-1.2093	0.8331	0.5438	0.3534	0.2579	-0.0359	-1.0362	-0.2241	0.1032	1.6702	-0.9766	-0.5285
TCGA-FS-A1ZJ-06	0.5365	-1.4746	-1.4865	0.1887	-1.5377	0.0257	1.0616	-0.5335	-2.0970	-0.1975	0.4646	-0.0730	0.0446	0.2670	-1.9177
TCGA-EB-A3XF-01	0.7214	1.1864	-0.1658	-0.4907	-0.3579	0.0541	2.1974	-1.0338	-0.2355	0.2954	0.6228	-0.8342	0.0006	3.7827	0.4732
TCGA-D3-A8GD-06	-0.2979	0.0734	0.3436	-1.3047	-0.2468	-0.0421	0.2438	-1.0300	1.0818	-1.1410	-1.1218	0.4812	0.9120	-1.2856	-0.5280
TCGA-EB-A3XD-01	1.6942	0.6576	-1.4431	0.4645	0.6355	0.0031	-0.3457	-1.5283	-0.4287	-1.0291	-0.7158	-0.5131	-0.3933	-0.0569	2.1321
TCGA-DA-A1IB-06	-1.1898	-0.5753	-0.5376	-0.9748	-0.0433	-0.8269	-0.9702	-0.1963	1.2547	-0.6940	-0.8973	0.1579	0.1642	-0.6460	0.5049
TCGA-D9-A4Z5-01	0.5547	-1.3376	0.3672	0.3814	0.8096	-0.2663	-0.0394	-0.6167	-0.3295	0.1013	0.5623	0.1323	0.5798	-1.4245	3.1985
TCGA-GN-A26A-06	-0.6508	0.8521	0.1591	-1.2608	-0.9479	-1.4697	1.0581	-0.1981	-0.5701	3.0283	0.7626	-0.9522	-0.5393	-0.2789	0.5275
TCGA-ER-A199-06	-0.3201	-0.2496	1.1106	-0.2992	-1.2823	0.7248	0.0061	0.0710	1.0896	0.6376	-0.3485	-0.8136	-0.4191	1.2798	0.2102
TCGA-EE-A2ML-06	0.1244	2.1325	0.5888	0.9537	-0.5424	-0.4862	-0.1808	0.6700	0.1443	0.8677	-0.0151	-1.4011	0.0085	-0.5356	-1.2780
TCGA-EE-A29A-06	-0.1559	0.4541	0.8954	-0.4552	-0.0184	-1.0983	1.1592	1.2289	0.7440	-0.6333	0.8468	-0.0726	0.6303	-0.0035	-0.3342
TCGA-ER-A19J-06	-0.1628	-0.5430	-0.5415	-0.5382	-0.0031	0.2927	-0.7525	-0.0031	-0.2878	-0.1833	7.0806	-1.3483	1.2757	-0.3578	-1.0074
TCGA-EB-A24D-01	-0.1821	-0.3736	4.0311	-0.1931	-0.9406	-0.5480	-0.7672	-0.4050	1.9971	1.1813	2.5049	1.1088	4.0519	-1.5707	0.6987
TCGA-EE-A2MP-06	-0.7593	0.9805	-0.8570	-0.4277	-0.1092	-0.4630	0.9375	0.1641	-0.0792	0.2692	-0.6883	-0.0594	0.4385	0.3279	-0.1133
TCGA-EB-A550-01	-0.2111	0.3200	-0.0194	-0.6485	0.3883	-0.7763	-0.2969	-0.5870	0.6840	-0.7128	-0.7172	0.4304	-1.2464	0.0188	-0.6306
TCGA-D3-A2JN-06	0.4002	-0.7172	-0.9338	-1.3354	-0.2585	-0.9744	-0.7351	-0.7664	0.4784	-1.2465	-0.2071	1.2082	-1.1515	-0.1285	-1.4546
TCGA-BF-AAP1-01	-1.0723	0.1336	1.3379	-1.0159	-0.5486	0.0077	-0.0982	2.3068	0.9028	0.9293	-1.4825	0.8897	0.5955	-1.4947	0.9675
TCGA-W3-AA1R-06	-0.4043	0.5237	1.7345	-0.5738	-1.2599	0.6621	1.2677	-0.1270	0.1995	-0.3659	-1.0336	-0.9196	-0.4506	0.3596	1.9129
TCGA-WE-A8K6-06	-0.4674	-0.5909	0.7133	-0.0510	0.0883	-0.8525	0.4216	0.1582	-0.2613	1.2991	-0.9344	-0.1595	1.8306	-0.9234	-0.2047
TCGA-EE-A2GI-06	-0.0260	0.1823	-0.9117	0.4810	-0.6756	-0.4861	1.9174	-0.2911	-0.4338	0.1114	0.1641	-0.2400	0.8056	1.5643	2.4369
TCGA-GN-A4U7-06	-0.3640	-0.3077	-1.6545	0.1108	-0.3934	-0.0774	0.5377	-1.6757	-2.1111	-0.7557	-1.0228	-1.1556	-1.1315	0.0428	3.9719
TCGA-D3-A8GV-06	1.6354	0.1790	-1.7985	-0.1972	0.6520	-0.1916	0.4854	-0.7686	-1.5450	1.3644	0.0136	-0.8693	-0.9056	-0.2621	1.7192
TCGA-EE-A2MR-06	-0.0442	-0.9488	-0.9984	-0.5841	-1.1776	-0.5328	0.7718	0.7776	-0.0132	-0.9845	1.5590	0.2606	-0.4808	0.4986	0.7860
TCGA-D3-A2JF-06	-1.0638	-1.4590	-0.7758	-0.6979	0.3565	-0.9786	-0.5258	-1.3675	1.6668	-0.8821	-1.6765	2.1521	0.0829	-1.0071	-2.1844
TCGA-W3-AA1W-06	-0.9130	-0.0385	-0.8652	-0.5783	0.0205	-0.0820	-0.3174	0.1797	0.3707	0.0158	-1.1137	-0.0630	1.2460	-0.8882	-1.0775
TCGA-EB-A3XB-01	-0.2736	1.0790	-1.4674	-0.7569	-0.5998	-1.1453	-0.2280	-0.1695	-0.9034	0.9845	0.3848	-1.3119	0.5463	-0.9928	0.0359
TCGA-EE-A17Z-06	0.5658	-1.5581	-0.1878	0.8842	-0.3489	1.8823	-1.0468	-0.2431	-0.7486	0.4624	3.2488	-1.0770	0.1343	3.7671	5.9118
TCGA-WE-AAA4-06	2.1053	-0.0653	-1.5648	0.4892	-0.0942	1.5367	-1.0437	-1.7269	-1.8547	-1.3750	-1.5748	-2.0382	-1.4010	-0.7693	2.3263
TCGA-FS-A1ZZ-06	-0.3245	0.6992	0.5622	0.7772	-0.8644	0.5299	0.1258	0.9179	0.1323	-0.5187	-1.1652	-1.5240	9.0117	-0.5506	-0.5290
TCGA-EB-A4P0-01	0.0787	0.9068	0.2321	-0.7360	-0.9771	-0.4065	-0.3629	-0.7748	0.7923	-0.8381	-1.3116	-0.5532	2.5027	-1.1364	-0.7968
TCGA-EE-A2MT-06	-0.3706	-0.7614	0.7659	-0.4123	1.5042	-1.2223	0.6035	-0.3640	2.1996	-0.4080	0.3081	-0.4702	-0.8847	-0.1944	0.1306
TCGA-ER-A198-06	-0.3519	-0.4989	0.8984	0.4207	0.8461	-0.1513	-2.5121	0.1700	-0.8466	0.7645	0.9370	-0.0718	0.9580	0.6783	-0.5340
TCGA-W3-AA1Q-06	-0.0709	0.2421	-0.4679	-0.3544	-0.9326	0.2866	-1.2183	-0.1292	-0.4734	0.0143	-0.7107	-0.7515	-0.3514	-0.1245	-1.2500
TCGA-D3-A3C6-06	-0.7301	0.5672	0.5091	-0.2096	-0.0818	0.7653	-1.2711	0.4757	-0.0438	-0.5121	1.8224	-0.5709	-1.1087	-0.6546	1.5587
TCGA-D3-A5GT-01	-1.7037	-1.2918	-0.0709	-0.9716	-0.2422	-0.2955	-1.6597	0.0314	0.2673	-0.5637	-0.3163	-0.1388	-0.3121	-1.7047	-0.3002
TCGA-BF-A1PU-01	2.5186	1.8341	-0.4359	1.5408	2.2485	1.4938	0.9687	-0.2242	-1.0343	-0.1390	0.0620	-0.3632	1.4108	1.8712	8.5813
TCGA-FS-A1ZD-06	-0.7854	-0.5041	-0.7242	-0.4034	0.8393	-1.3649	1.5885	0.2576	-0.1271	-0.4857	0.6561	2.3864	0.5278	1.0186	-0.3968
TCGA-D9-A4Z3-01	0.0418	-0.8289	4.5855	-0.2013	-0.6124	0.4742	1.0187	-0.9124	1.5625	0.0682	2.6725	-0.9252	-1.1920	0.2874	-0.2660
TCGA-FS-A4FC-06	0.7220	1.0308	0.0478	0.2175	1.3960	-0.1581	0.5161	-0.2849	-0.2393	-0.2321	-0.3651	-0.8827	0.4159	0.4938	-1.3183
TCGA-EE-A2M6-06	-0.1874	-0.8286	0.7923	-0.3434	-1.2059	-0.4376	1.1187	0.0525	-1.2823	0.0615	3.8798	-0.9994	-1.4803	3.7632	5.9006
TCGA-EB-A5VU-01	-0.1261	1.3364	-0.5987	-1.0067	-0.9931	-0.0212	1.7214	1.7881	-0.5608	0.6675	0.5340	-0.4436	-0.1355	-0.0292	1.1153
TCGA-D9-A4Z2-01	0.2178	0.9454	4.6030	-0.1292	0.8906	-0.7605	1.2649	-0.5342	3.1564	2.5428	1.5989	-0.5060	0.9836	-0.1248	0.5130
TCGA-GN-A8LL-06	4.3531	-0.8693	-0.8127	6.1447	3.0508	3.1193	-1.2530	-1.7142	-1.4334	-1.5121	-1.0584	-1.4659	1.9470	-1.7953	3.2020
TCGA-W3-A824-06	-0.2237	-0.1504	0.9699	-0.6237	2.4779	-0.4934	-1.0862	-1.3463	0.5664	-0.3103	-0.5811	0.0348	-0.0116	-0.2986	-0.4583
TCGA-FS-A1ZT-06	-0.3586	-1.5219	1.7015	-1.0887	-1.1513	-0.4032	0.9479	1.1324	0.3843	2.6585	3.8252	-0.4381	0.1918	0.4145	1.0259
TCGA-EB-A551-01	-0.2720	-0.2844	0.2072	-0.7932	2.2972	-1.2127	0.1481	0.4538	0.7572	-0.1841	-1.1220	-0.4471	0.5700	0.4761	0.5326
TCGA-EE-A3AA-06	-0.4220	-0.9628	1.4925	-0.4987	-0.8497	-0.8114	-0.7559	0.7377	1.4850	-0.7081	0.9771	-0.7450	-0.9367	-0.7699	1.3798
TCGA-BF-A3DL-01	0.0693	-1.0009	-0.8499	0.4608	-1.4646	1.1766	-0.9004	-1.5110	-0.3457	-0.1867	-1.1336	-1.3551	-1.4937	-1.2660	1.5050
TCGA-FS-A1YY-06	-0.6493	0.1395	1.1613	3.1316	0.3382	1.1748	-1.8666	0.3739	0.4705	1.0074	0.8265	-0.9218	0.6199	-1.3253	-2.0845
TCGA-DA-A1I2-06	1.2750	-1.0530	-1.2818	-0.4101	-0.6722	0.0482	-1.6957	-0.3234	-0.5088	-0.6351	0.7098	0.5802	-0.5375	-0.3604	-2.0776
TCGA-EB-A5UN-06	-1.2513	0.6824	-1.1242	0.3378	1.1150	-0.5014	0.3124	1.5152	-1.2794	-1.1023	-0.0757	-0.9219	0.7552	-0.6306	-1.5253
TCGA-WE-A8K5-06	-0.4584	-0.2338	0.0875	-0.6655	0.8940	-0.3465	0.2459	-1.2269	-0.5704	-0.9982	-1.0434	1.9395	1.6519	0.0084	0.1695
TCGA-D3-A2JH-06	-0.5586	-0.8074	0.2843	-0.6742	0.7042	-0.0400	-0.0518	-0.8744	-0.2490	0.0084	-0.1513	1.1938	1.2564	0.3560	-0.6098
TCGA-ER-A3ET-06	0.1845	-0.2174	0.2617	-0.2869	-1.4382	-0.3376	-1.0851	-0.5420	-0.4947	-0.8669	1.2809	-1.0565	-1.1224	0.4729	1.3397
TCGA-EE-A184-06	-0.3204	1.3428	7.6825	-0.2148	0.1283	0.4725	-0.2452	0.1615	-1.8502	-0.5928	-0.1137	-1.2634	0.5705	-0.8031	2.5494
TCGA-BF-A1Q0-01	0.4309	0.4163	-0.7892	0.3790	-0.6995	-0.7357	-0.8292	0.0165	-1.1360	-0.8329	1.3404	0.6483	-0.5711	-0.0028	-0.8313
TCGA-FR-A7U8-06	-0.0877	-0.6271	4.4129	0.2391	0.4274	1.7664	0.7162	-0.2449	0.6611	0.2669	0.7300	2.5911	-0.2311	1.2328	3.8216
TCGA-ER-A19L-06	-0.3490	-0.3011	2.7736	2.0013	0.2458	-0.3238	-0.0747	0.2014	3.0654	3.4266	2.7518	0.3854	0.0233	-0.1187	0.9793
TCGA-ER-A3PL-06	-0.9416	0.1440	0.8014	-1.0062	-0.7649	-0.6635	-0.1688	0.2662	1.1590	1.0764	-0.9379	-0.4932	0.8693	-0.7882	-0.5203
TCGA-ER-A19M-06	-1.2632	0.9291	1.2785	0.0565	1.1089	-0.9730	-0.9928	1.1390	1.5721	0.9680	1.2335	-0.5944	-0.9882	-0.0384	1.9838
TCGA-ER-A19P-06	-1.2744	-0.3919	-0.4938	-0.8700	-0.2923	-0.4403	-1.1034	1.7810	1.0462	0.0431	-0.5271	0.4404	0.1409	-1.2433	-1.2995
TCGA-3N-A9WC-06	-0.1262	-0.9386	-0.4215	-1.1097	-0.8460	0.2671	0.1115	0.3555	-0.6129	-0.5083	-1.2150	0.4360	1.9379	-0.4346	-0.3413
TCGA-FS-A1YW-06	-0.8832	1.8198	1.7444	-0.3918	-1.1862	1.7428	-1.8616	1.1889	2.5013	0.4784	-0.0234	0.5916	-0.2024	-2.1732	-2.7705
TCGA-EE-A29R-06	-0.0098	0.2746	4.3317	-0.9800	-1.2862	-0.2360	0.0720	-0.4164	3.8707	1.0347	0.1188	-0.4397	-0.4297	0.3587	0.2968
TCGA-EB-A431-01	-0.7937	1.3824	-1.9613	0.4386	-1.3217	-0.8178	-0.5270	1.8649	-1.9040	-0.2098	1.1058	-0.2433	-1.1188	-0.6682	5.5314
TCGA-YD-A89C-06	-0.3835	-1.5256	1.4185	-0.1586	-1.3596	0.2248	3.0550	-1.3848	0.1610	-0.1824	-0.3918	1.1920	-0.4253	2.9741	3.3458
TCGA-FR-A7U9-06	-0.1605	-0.6528	-2.1268	-0.6627	-0.4623	-0.0296	-0.5254	-0.8533	-1.3489	-0.6228	-0.3725	0.7876	-1.3232	-0.2447	1.1795
TCGA-QB-A6FS-06	1.3879	-0.6903	-1.5590	0.6684	2.2546	2.6770	-0.7626	-1.9023	-1.3165	-1.3843	-0.4597	-1.8865	-0.8786	-1.2984	6.0545
TCGA-EE-A29T-06	-0.2047	1.8100	-2.2363	-0.8270	-0.4402	0.6125	0.1862	0.4426	-1.2190	-0.1602	1.1857	-0.6457	2.8313	1.5045	-0.2144
TCGA-GN-A4U5-01	0.2285	1.5652	-0.5348	-0.0478	-0.2234	0.6260	0.4586	-0.2025	-0.0573	-0.0931	-0.7004	0.7105	0.5747	0.1413	-0.1712
TCGA-FS-A1ZM-06	-0.1088	0.8396	-0.3068	-0.7648	-0.1601	-0.3612	1.0838	0.0199	-0.4751	-0.8023	0.2520	-1.3114	-0.9364	-0.3737	0.6208
TCGA-EB-A44R-06	0.1239	-0.4887	2.2488	-1.1237	-1.0666	0.2579	1.0686	-0.9217	0.6572	-0.2302	1.1951	-0.0408	-0.7492	-0.4153	-1.2628
TCGA-DA-A1HY-06	-0.7492	1.0834	0.1414	-0.1986	-0.2712	-1.5348	0.4058	0.8911	1.2794	1.5643	0.2351	1.2091	0.4503	0.2404	-0.8139
TCGA-FR-A69P-06	-0.8308	-0.6047	3.4845	-0.6804	-1.3990	0.4485	0.3097	1.2977	0.9435	-0.1410	0.3614	-0.9494	-0.0455	0.7672	1.2801
TCGA-EE-A185-06	0.5722	-0.7097	1.7212	1.0392	0.0015	1.6977	0.0990	-0.1144	-0.6408	0.4447	1.2071	-1.3868	-0.2189	-0.4415	0.2825
TCGA-GN-A268-06	0.5870	0.2076	4.6721	0.6335	0.0200	-0.2979	1.8373	-0.2578	0.0553	0.2889	2.1021	-1.4383	-0.9564	0.9774	2.2144
TCGA-ER-A2NC-06	-0.1775	-0.7577	-0.8847	-0.4962	-0.3834	0.0617	-0.0125	-0.1156	-0.1772	-0.7018	0.7259	0.9551	0.4785	1.0557	-0.3783
TCGA-EE-A2GO-06	-1.0366	-0.3346	-0.1746	-0.6868	0.5309	-1.1856	0.4213	0.6545	0.5508	0.9768	0.6386	0.1831	0.8063	-0.0049	1.6485
TCGA-GN-A26D-06	-0.2797	-1.2671	-1.2192	0.3255	-0.3640	-0.6380	-1.2902	0.0223	-1.3101	2.2746	0.5910	-1.1606	-0.7517	-1.3554	0.7033
TCGA-EE-A183-06	1.3977	-1.0488	-0.1654	1.0235	0.3577	1.2923	-0.5336	-1.1590	-1.0700	-1.6041	-0.9425	-1.6074	0.7410	-0.7803	0.8535
TCGA-EE-A29X-06	1.9945	-0.9964	-0.5270	2.7901	-1.2044	0.0281	2.5758	-1.5967	-0.6865	-0.8285	1.5094	-1.9568	1.0824	1.4206	1.9540
TCGA-D3-A1Q8-06	-0.0792	0.2777	-1.5648	-1.0419	0.4722	0.2322	0.5720	0.9679	-1.3291	0.9746	0.5937	-0.8061	0.2125	0.8244	-1.8537
TCGA-D3-A5GU-06	-0.2474	-0.4594	0.8400	-0.8683	-1.0085	-0.7670	0.4922	-0.7224	0.7364	-0.7069	-0.2796	-0.8650	-0.7672	-0.7950	-0.5017
TCGA-LH-A9QB-06	0.0085	0.7508	-0.1182	-0.4645	-1.0769	-1.2063	0.7517	0.0952	-0.1135	0.0496	-0.3720	2.4455	-0.4065	-0.3265	-0.5528
TCGA-BF-A1PV-01	0.1874	-0.9430	0.8991	0.0381	-0.2525	1.7199	-0.8229	-0.0994	-0.0867	1.2048	2.1543	-0.9274	0.1111	0.3308	-0.2579
TCGA-EB-A42Y-01	-0.0057	-0.0969	0.0420	-0.4181	-0.4234	-0.9889	0.5371	-0.7371	-0.8282	-0.1275	1.8401	-0.3899	-0.2120	1.3648	-0.1983
TCGA-EE-A181-06	0.1305	0.3486	-1.2623	-0.6776	-1.2044	-0.1924	-1.2163	0.8139	-1.1534	-0.1935	2.3098	-0.3632	-0.8060	0.0554	-0.4363
TCGA-ER-A42L-06	-0.7503	-0.3385	-0.7168	-0.0077	0.3490	-0.5856	0.3263	0.1132	-0.0435	0.1574	-0.6967	-0.0568	-0.6303	-0.8515	-0.1517
TCGA-EE-A3JA-06	-1.2338	1.3794	1.5023	1.8974	0.5137	-1.3019	-0.7772	-0.3166	1.8257	0.0960	0.4641	-0.1429	1.3398	0.4106	-0.7349
TCGA-ER-A3EV-06	1.2284	-1.4383	0.1235	-0.1129	-0.6522	-0.0024	-0.3161	0.2092	-0.7163	-0.5189	0.5982	-1.3665	-0.6960	4.2622	5.2771
TCGA-ER-A19H-06	-0.4282	-0.5292	-0.4224	0.1141	0.6868	0.9392	1.6189	-0.3507	-1.0543	-0.4915	3.4068	-0.4653	-0.3976	0.9457	-1.0727
TCGA-ER-A19G-06	0.1750	-0.4222	-0.3573	-0.6760	0.4862	-0.9824	-0.4300	-0.5497	-0.9087	1.0741	1.2798	0.8251	0.5083	1.1019	1.3106
TCGA-D9-A3Z3-06	0.0100	1.8067	-1.3876	-0.5429	0.2391	-0.7746	1.0918	0.2859	-1.0231	-0.4934	-0.3983	-0.0131	1.6661	0.6019	1.0089
TCGA-BF-A3DN-01	-0.2105	3.3368	1.6995	-0.6862	0.1320	1.0894	-0.0479	1.6075	1.0563	1.6689	-0.1986	-0.2221	0.3984	0.6369	-1.1791
TCGA-EE-A182-06	2.5195	-0.9206	-2.0793	0.4266	-0.3109	4.4854	-2.1966	-1.9278	-2.0864	-1.9542	-1.4238	-1.6381	-0.9979	-2.1398	-0.8377
TCGA-EB-A85I-01	1.0405	-0.0450	1.1684	-0.4923	1.1602	-1.3786	0.1186	-1.2835	1.1840	-0.9426	-1.6203	0.6674	-0.9897	-0.7788	-2.1434
TCGA-OD-A75X-06	0.2423	-0.5215	2.5033	-0.2203	-1.6021	0.3662	-0.3378	0.2959	1.8773	0.4226	2.5535	-0.0443	-0.8510	3.6763	0.4422
TCGA-D3-A8GR-06	-0.4274	0.3207	-2.3656	-1.2134	-0.7780	-0.4718	-0.2692	0.3654	-1.5238	-1.0158	-1.6452	-1.7396	2.2195	-1.1258	-1.2536
TCGA-D3-A8GP-06	0.0160	-0.3749	0.1965	-0.8832	-0.6800	-0.2820	0.7091	0.2586	-1.0926	0.3660	-0.1762	-0.9622	0.0167	-0.6822	0.4597
TCGA-FS-A4FD-06	0.8971	-2.1772	2.4525	-0.5161	-0.8848	-0.5977	-0.8598	2.8307	0.3390	-0.0865	5.2295	0.1761	-0.1601	-0.4702	0.7735
TCGA-W3-AA1V-06	-0.5719	-0.1854	2.3252	-0.4951	-1.0303	0.2869	-1.0803	0.9107	-0.9059	-1.5754	4.5426	-0.7723	-0.9537	0.4508	1.8914
TCGA-WE-AA9Y-06	-0.0483	-1.3954	0.0422	-0.7733	-0.2198	-0.9311	-0.5427	0.0527	-0.0068	1.0810	0.0428	-0.7617	-0.1854	-0.8462	0.2166
TCGA-EB-A5SF-01	7.1732	-1.7777	-2.3796	0.3419	-0.1901	-0.0988	-1.5088	-2.2954	-2.2065	-2.0309	-2.0048	-2.0359	-1.7350	-2.3352	0.4534
TCGA-D3-A2JA-06	-0.8609	-0.5987	-1.3400	-1.2076	-1.0163	-0.8690	8.6678	0.0997	-0.2087	-0.3698	1.0726	-0.3571	-0.6732	0.9486	-0.1673
TCGA-D3-A2JE-06	0.9291	-1.1524	1.8608	-0.4062	-0.6373	1.1457	0.9815	-0.8057	-0.9014	4.5451	1.2102	-0.2776	-0.6473	1.8458	2.6258
TCGA-EE-A2GM-06	0.5888	1.8384	-1.0506	-0.4911	-0.3359	1.0932	1.7480	1.2056	-0.2837	1.1392	1.0621	-1.0589	1.3131	0.1013	1.0102
TCGA-EE-A3J3-06	-0.4141	0.8074	1.7286	-0.2454	0.1777	0.1603	-1.0770	1.3970	0.9130	-0.3251	0.7913	-0.2924	-0.7413	-0.8454	0.5216
TCGA-FS-A1ZF-06	0.0317	-1.1273	-0.6359	-0.9122	0.6132	-0.1080	2.3852	0.6249	-0.6674	0.3384	0.7597	-0.9405	0.1427	0.4730	0.9463
TCGA-FS-A1ZE-06	-0.3600	-0.3230	3.3241	-0.0359	-0.0385	-0.9319	0.0562	-0.3840	0.9204	0.4101	-0.0518	0.7324	0.1917	0.0336	5.3515
TCGA-FS-A4F8-06	-0.0573	-1.1029	-0.5242	-0.2553	-0.3882	-0.7402	-0.6605	-0.6407	0.4293	-0.6150	-0.2566	0.8338	-0.0993	-0.7806	-0.7170
TCGA-D3-A8GC-06	0.1756	2.6331	0.9564	-1.0725	-1.3739	1.9927	0.7293	2.1878	0.7490	0.2638	-0.1362	0.4475	-1.0303	1.1814	5.9573
TCGA-YD-A9TA-06	-0.9058	-0.8063	0.9261	-0.1957	-1.1531	-0.0444	2.6387	-0.1294	0.7856	-0.2417	0.6910	2.0333	-0.6296	0.1555	1.0567
TCGA-EB-A5SG-06	-0.8139	0.3718	-0.3563	-1.2869	-0.9354	-0.4487	-0.0845	-0.4815	0.3778	0.4104	-0.4349	-0.5510	-0.4960	-0.1160	5.5046
TCGA-ER-A2NB-01	NaN	NaN	NaN	NaN	NaN	NaN	NaN	NaN	NaN	NaN	NaN	NaN	NaN	NaN	NaN
TCGA-D9-A1JW-06	0.2849	0.4008	-0.0769	0.9036	0.1998	0.4939	0.2524	-0.1970	-0.5382	-0.7615	-0.7909	-0.9373	0.1164	0.4630	0.0124
TCGA-EB-A5SH-06	4.4939	-1.6514	-1.8529	-0.2551	-1.4940	4.2885	0.6511	-1.7245	-2.0353	-1.2421	0.6358	-2.2377	-0.0952	0.5105	2.6461
TCGA-EB-A3XC-01	-1.2668	-0.3194	-0.2868	-0.2720	-0.5840	-0.6359	2.6999	-0.5796	-0.4920	-0.1042	-1.3300	0.1645	-0.5821	-1.2153	3.4760
TCGA-EE-A3J7-06	0.7649	1.2224	2.8459	-0.4848	-1.4621	-0.2999	-0.4051	1.5078	0.4898	1.0837	2.3935	-1.3263	-1.3228	-0.7280	3.1208
TCGA-EE-A2A6-06	1.1913	-0.8561	-0.4705	-0.2398	0.0956	-1.1545	0.9610	-0.2563	-0.6854	-0.3843	0.1582	-0.1927	0.5875	2.5791	1.5930
TCGA-DA-A95Y-06	-0.1329	-0.5658	-0.0290	0.3709	-0.0189	-0.6110	1.2576	-0.7112	-1.1108	-0.6175	-1.6687	-1.1192	-0.7490	-0.5039	0.5797
TCGA-WE-A8K4-01	-0.8866	1.2805	-1.6147	-1.2604	0.2767	-0.1971	1.4954	0.9144	-0.9871	-1.5102	-1.1558	-0.8417	0.3921	-0.5904	-0.9268
TCGA-EE-A2MC-06	0.6354	-0.5202	0.2764	0.2033	0.2896	-1.2526	-0.2256	0.5057	-0.2850	1.1807	0.6161	-0.1007	0.9590	0.3602	-0.1544
TCGA-D3-A1Q9-06	0.2187	1.4436	-0.0728	-0.8550	-0.0158	0.2550	-0.0481	0.6319	-0.7194	2.4259	-0.3266	0.5737	-0.6576	2.0346	0.1068
TCGA-BF-A3DJ-01	0.1819	0.2963	0.0258	-0.4243	-0.4792	-1.1956	-0.4060	0.2118	-0.0427	0.9345	1.6405	-0.7259	-0.5602	0.0486	-2.2464
TCGA-GN-A4U3-06	-0.6729	3.0120	1.8296	1.2299	-0.1143	-0.2085	2.5297	-0.6092	1.1834	0.8851	0.3236	-0.5881	0.0606	0.1957	-0.5081
TCGA-ER-A19A-06	-0.4442	0.1538	-0.9112	-1.0486	-0.3492	-0.5726	-1.4468	0.3257	0.1957	-0.6480	-0.3163	-0.0584	-0.4779	-0.5654	-0.7564
TCGA-EB-A85J-01	0.6779	-0.1721	0.0846	-0.0757	-0.7588	1.2827	-0.2160	-1.0798	-0.1356	-0.4657	0.0270	0.5715	0.1831	-0.2960	0.9541
TCGA-EE-A2A2-06	-0.7549	0.5731	3.9781	-0.0491	-1.1393	-0.0687	0.1109	0.4086	-0.2834	0.2540	2.3043	-0.7878	-0.2748	1.9077	1.4148
TCGA-D9-A6E9-06	0.1939	-0.7935	-1.2098	-0.4641	1.2275	1.1235	0.5111	-1.3664	-1.4424	-0.4621	-1.3381	-1.5967	-1.2493	-0.6446	2.4376
TCGA-EE-A29G-06	0.0590	-0.6547	0.3324	-0.5591	-0.6449	-0.9758	-0.8897	-0.5241	0.3695	-0.7386	0.3681	-0.2184	-0.8509	-0.6178	-0.4107
TCGA-HR-A5NC-01	0.8651	0.7105	-0.0040	0.0594	-0.7844	0.9653	0.9261	-0.2231	-0.2074	0.5289	0.6990	-0.9736	-1.1640	0.4070	0.1337
TCGA-GN-A4U4-06	-0.7521	-0.6948	0.7643	0.7038	0.0824	0.5484	0.5072	-1.4133	0.3783	0.4514	-0.4270	1.6686	0.6669	-0.2429	-0.7182
TCGA-FS-A1YX-06	0.3986	-0.1792	1.1257	0.0476	-0.6379	-0.0898	-0.9152	0.8094	-0.6981	0.6486	1.5864	0.7351	-1.1977	0.1142	-1.2307
TCGA-EB-A57M-01	1.9952	-1.0250	-0.9477	-0.8907	0.7481	1.7710	-0.8150	-0.9025	-1.1564	-0.8467	-0.7096	-1.3599	0.5968	-0.8608	0.9208
TCGA-BF-A1PX-01	1.0847	-0.1068	-0.7208	-0.1049	-0.0882	-0.7013	-0.5469	-1.5541	-0.3298	-0.5389	-0.9185	-0.9913	-0.7967	-0.0086	0.2212
TCGA-EE-A3JI-06	0.9762	0.7140	0.4938	0.4626	0.4220	0.7125	1.1801	-1.0168	0.8062	0.0224	-0.1278	-0.4908	1.0918	0.0883	-1.2704
TCGA-ER-A193-06	0.1661	-0.4604	-0.2237	-0.0175	-0.3433	0.0716	0.0737	-2.1624	-0.4051	-1.0471	0.4185	-0.5463	1.0552	0.4617	0.1533
TCGA-DA-A95W-06	-0.2831	-0.7209	2.5176	-0.5715	2.3697	0.4881	-1.7918	-0.8490	0.6918	-0.2427	2.0264	0.2507	0.6999	-0.4886	0.0577
TCGA-D3-A1Q3-06	-0.1598	0.8477	1.6390	-0.5455	-0.6989	-0.4148	-0.4975	0.4000	0.4671	-0.4535	-0.0483	0.7291	0.2028	-0.2143	-1.1442
TCGA-EE-A3AF-06	-0.7319	-0.4664	3.1342	1.1311	2.9890	1.5130	-1.9975	-0.6363	0.0702	-0.6267	0.6346	-1.5791	0.7957	-1.5957	0.7717
TCGA-BF-AAP4-01	-0.3711	2.0165	-0.6160	-0.2281	-0.5030	-0.4549	1.6732	0.1131	-1.3414	0.0928	-0.2539	-0.5708	-0.7402	-0.6309	2.4214
TCGA-FS-A1ZG-06	0.8760	-0.2925	0.1053	1.7246	-1.0422	-0.4330	0.1702	1.4273	-0.4443	-0.3713	0.6576	-0.9410	-0.0039	1.5245	-2.6934
TCGA-ER-A19S-06	-0.6256	-0.8255	-0.0082	-0.7945	-0.5026	-0.9968	-0.1467	0.3554	1.7047	5.6212	0.3238	0.9631	-0.7481	0.1812	-1.0558
TCGA-D3-A1Q5-06	-0.4203	-1.2692	-0.1350	-1.1987	-1.3431	-0.4745	0.6022	-1.4919	0.4295	3.5299	-0.0085	-0.1832	0.2828	-0.8807	-1.0638
TCGA-EE-A3JE-06	-1.5043	1.3716	-0.4000	-0.8136	0.2747	-1.0070	-1.5618	1.0357	0.4582	0.2540	-0.5037	0.6210	0.1872	-0.9424	-0.1599
TCGA-EE-A2GS-06	-0.1741	0.2884	-0.2749	0.1467	-0.9286	2.6448	-0.2219	0.1900	-0.6009	0.7267	1.9382	-0.6335	-0.1202	0.8416	1.8360
TCGA-D9-A6EC-06	0.2379	0.1142	0.4795	0.0490	-0.8902	1.4759	-0.4014	-1.4258	-0.5311	-1.1571	-0.8672	1.0419	-0.6300	-0.1481	1.3054
TCGA-BF-A5EQ-01	0.2042	-0.5440	0.5680	-0.4559	-0.0877	-0.0381	-0.4416	0.0202	-0.7540	-0.6624	-0.2874	-0.1918	0.7045	0.2146	5.9029
TCGA-EE-A3AB-06	-0.3601	0.2082	-0.2160	-1.3114	-1.0075	-1.1511	0.7777	-0.3823	-0.9623	0.1747	2.0702	-1.4214	0.4172	-0.1046	-0.3274
TCGA-XV-A9VZ-01	0.0543	-0.3318	1.1539	-0.6356	1.9751	-0.0414	0.3322	-0.4328	2.1446	-0.8566	-0.8560	0.2754	1.8230	1.4083	-0.2331
TCGA-DA-A95X-06	0.3309	-1.0293	-1.3885	-0.3747	-1.1299	-0.6844	0.9367	0.8203	-1.5056	-1.1510	0.5760	0.4879	-0.2526	0.1832	-2.1640
TCGA-EB-A6R0-01	-1.2633	-0.2816	0.6387	-0.1766	0.2796	0.3180	-1.5034	2.0559	0.2842	0.7322	0.4855	-0.1152	2.1973	-1.7756	-1.7465
TCGA-FS-A1ZK-06	-0.2616	-0.3787	-0.2401	-0.3374	0.2260	-0.6378	-1.4437	0.1034	-1.0193	-0.1280	1.7399	-1.1793	-0.4020	-0.8330	-1.2474
TCGA-EE-A2M7-06	0.5478	0.8954	-0.2479	-0.3549	-1.2658	-0.1328	1.0350	1.1753	0.5499	-0.2876	0.3366	0.2493	-0.2388	0.5510	-0.5626
TCGA-D3-A2JG-06	0.5935	-1.1411	0.0580	0.5079	-1.5772	-0.4307	-0.3050	-0.8740	0.4537	1.6824	0.6814	0.0533	-1.6467	1.7710	0.6245
TCGA-ER-A19F-06	0.2069	0.3130	0.6036	0.8826	0.4304	0.0786	0.6719	1.1610	-0.0011	-0.3827	0.7551	-1.2973	0.4512	0.2810	-0.0768
TCGA-EE-A2MK-06	-1.0128	0.1438	-0.3633	-0.2460	-1.3840	-0.0854	-0.6800	-0.1287	-0.2081	-0.2601	-0.7242	-0.0081	0.8143	-0.8852	0.2666
TCGA-XV-A9W2-01	0.0477	1.1112	0.3847	-1.2388	-0.3078	-0.8194	-0.0055	-1.7053	0.1352	-1.1033	-0.0528	1.1746	-1.4387	0.7279	5.8633
TCGA-ER-A195-06	1.5145	-0.7912	-0.0151	-0.4566	-0.5760	-0.3285	-0.2470	0.3551	0.4501	-0.7545	0.4901	-0.0301	-1.0770	-0.6159	-0.5931
TCGA-ER-A42H-01	-0.6503	-1.5685	0.1155	-0.1803	-0.9501	-0.3799	0.7416	-1.2331	0.3008	-0.8497	1.0999	-0.5884	-1.0440	-0.2528	0.2639
TCGA-D3-A51E-06	-0.7947	-0.0842	0.4040	-1.4230	-0.4606	-0.1864	-0.6489	0.3756	-0.0030	0.9903	0.5597	-0.2858	-0.1290	-0.8883	-0.3928
TCGA-D3-A3C3-06	-0.3647	-0.8729	1.4300	0.1853	-0.0170	-0.7523	-1.4577	-1.6050	0.2265	-0.7989	-0.2740	-0.0712	-0.3972	0.5878	0.1231
TCGA-D3-A1Q6-06	0.5658	1.0569	1.8848	-0.8519	-0.4327	-1.4572	1.3599	0.2287	6.2410	0.4025	-0.9046	1.2471	-0.1959	0.1779	-0.0509
TCGA-D3-A8GS-06	-0.8306	-0.4333	-1.9115	-1.0268	0.1840	-1.4214	-1.6652	-0.8666	-0.3165	-1.3817	-1.2146	0.1793	-0.8374	-1.1244	-1.1020
TCGA-D3-A2JK-06	4.9672	-1.7233	-2.4167	0.4665	3.4383	1.3750	-1.6747	-2.0835	-1.5203	-1.6104	-2.0377	-2.0695	-0.7131	-1.2610	0.9940
TCGA-EB-A4XL-01	0.8641	-0.6733	0.2896	1.0612	0.8070	-0.5022	0.5547	0.2241	1.1167	-0.5563	-0.7385	-0.4565	0.5647	-0.5546	-0.7994
TCGA-FS-A1ZS-06	0.0036	0.0298	0.5760	-0.3199	-0.1438	2.7194	1.0242	-0.1206	1.1641	-0.3293	1.3802	-1.0446	-0.8303	0.1145	-0.1016
TCGA-D3-A51K-06	-0.1554	-1.9279	-2.0960	-0.6249	1.1732	0.3138	-2.0079	-1.6077	-1.8378	-1.7118	-0.8872	-0.1386	-1.6013	-1.7203	2.7196
TCGA-FS-A1ZB-06	1.2821	-0.3856	0.5733	3.4381	1.9466	-0.3765	-0.8035	-0.6229	-0.5514	-0.7527	0.1759	-0.8672	0.6853	0.1803	0.2108
TCGA-D3-A51N-06	-0.8758	-0.0470	-1.2992	-1.3416	0.8539	-1.2440	-0.9874	-1.4422	-0.1063	0.5234	-2.0132	-0.2724	-0.0476	-1.2084	-1.6560
TCGA-D3-A2JD-06	1.3010	-0.9738	-0.9083	0.4894	0.2960	1.4790	3.8029	-1.1000	-0.9572	-1.3960	-1.2153	-1.4861	-0.8448	2.0106	2.9340
TCGA-D3-A1Q1-06	-0.7183	1.0830	3.2835	-0.3685	-1.4343	2.4912	1.0362	-0.8615	0.2934	-0.2512	9.3467	-0.9200	-0.4917	2.8383	2.4125
TCGA-ER-A19D-06	-0.4236	-1.0746	0.2083	-0.5896	-1.2462	0.1049	-0.0800	2.2322	0.2230	-0.0700	0.3247	-0.3529	-0.3732	1.1173	-1.3694
TCGA-EE-A2MQ-06	0.1814	-1.2673	-0.0862	-0.0563	-1.3401	-0.1334	-0.1092	0.2216	-0.3467	-0.2525	1.9402	-1.3641	-1.3153	1.0891	5.9498
TCGA-RP-A693-06	0.6697	1.3392	-1.0862	0.2119	-0.2095	-0.7061	-0.0024	0.3348	-0.6595	0.4764	0.7754	-0.4344	1.0262	-0.7397	-1.3610
TCGA-DA-A1IC-06	0.3896	0.6383	-1.8275	-0.3475	-1.0944	0.7752	0.5534	-0.2545	-1.5241	-1.3527	-0.1905	-0.9501	-0.5573	-1.1153	-0.9751
TCGA-RP-A690-06	0.4915	1.7803	0.4430	6.9939	0.9712	0.3093	0.2448	-0.5512	1.0292	-0.5005	-1.5549	1.3996	1.3366	-0.6260	-0.1707
TCGA-FS-A4F5-06	1.1409	0.0744	-0.1997	-1.0033	-0.5371	-0.6901	2.2973	0.0582	-0.4551	-0.7804	0.6371	-0.9633	0.1763	0.1167	-0.4236
TCGA-FS-A4F4-06	0.0085	-0.0492	-1.4323	-0.9489	1.1515	1.1120	-0.2378	0.4812	-1.0572	-1.3278	0.5133	-0.8621	-0.0733	-1.0421	12.3305
TCGA-FR-A8YE-06	-0.5301	0.3073	-0.3527	-0.5473	0.1339	-0.9595	0.3256	0.5080	1.5022	0.7786	-0.4718	0.9427	0.8618	-1.1067	-1.0863
TCGA-EE-A2GJ-06	1.3332	-0.2582	-1.3279	-0.2812	-1.4232	0.1815	-0.4057	2.0911	-1.3923	-0.2849	1.6004	-0.9257	-0.7297	-0.0034	-0.7917
TCGA-WE-A8ZY-06	-0.8500	-0.5275	-1.1628	-0.3485	0.0716	0.6017	1.7128	0.6231	-1.0213	-0.4684	-0.4691	-1.4792	2.4151	-1.4159	1.3944
TCGA-EE-A2GK-06	-1.0656	-0.3528	-0.6001	-0.9335	-0.2861	-0.7290	-0.1128	-0.0015	3.3475	-0.5667	-0.4930	1.7272	0.5494	-0.0957	-0.1459
TCGA-RP-A694-06	0.1932	1.1302	0.6559	-0.0964	-0.3626	0.3932	0.0774	0.1477	-0.7606	-0.0275	1.0207	0.6170	0.0411	-0.0536	2.1363
TCGA-WE-A8ZX-06	0.5445	-1.5511	3.0355	0.2125	-1.1559	0.2875	0.8372	-1.2605	1.6926	0.8254	1.7897	-0.2602	-1.6263	1.9957	1.1208
TCGA-EE-A2MJ-06	-0.1048	-0.7277	-0.2936	-0.6761	-0.3235	0.6401	-1.5288	1.2638	-0.2348	-0.8547	-0.9965	-0.8691	-0.7978	-1.4747	1.2004
TCGA-D3-A1Q7-06	-0.8269	-0.4404	-0.9445	-0.4356	-0.4287	-0.8841	-0.1803	0.6242	-0.1013	0.0990	1.3844	-0.0014	-0.8512	0.8848	-0.8372
TCGA-D3-A51T-06	-1.6036	1.8471	4.8113	2.1419	-1.1417	0.2326	-0.7944	0.0823	3.5942	0.3051	0.1234	-1.0747	1.3725	-1.5794	3.8072
TCGA-D3-A3CB-06	-0.2661	0.3763	-0.9837	0.0571	1.3707	-0.3374	-0.6562	0.1649	0.0018	0.1528	0.8775	-0.0852	0.7027	-0.4045	-1.0754
TCGA-FR-A726-01	2.0983	0.2426	-0.8203	-0.7142	-0.5439	0.8248	1.1506	-0.2087	-1.4443	-0.1452	0.5789	1.1084	0.4402	0.5361	-0.1689
TCGA-EE-A2MS-06	-0.5975	1.0480	-2.4474	-0.3133	-1.2464	0.2636	1.4873	0.8686	-0.8110	-0.3898	-0.1009	-0.9843	-0.2957	-1.1893	2.5021
TCGA-EE-A2GP-06	-0.3155	-0.9902	1.7992	0.1361	-1.1441	-0.7152	0.2021	-0.1405	-0.4840	-0.8319	1.6159	-0.6053	-0.2845	-0.2088	-1.7813
TCGA-EE-A2MM-06	1.1676	0.3854	0.5699	-0.6262	-1.1810	0.9289	1.9561	0.5823	1.0066	0.7634	-0.4293	0.5876	-0.2244	-0.1568	-2.1024
TCGA-ER-A19C-06	-0.8167	0.4429	1.1445	-0.2105	-0.5079	-0.7764	-1.7483	5.3352	0.4087	-1.0143	2.1537	-1.0869	-0.4643	-0.6002	7.3768
TCGA-YG-AA3P-06	-1.2489	-1.2367	-0.4332	-0.6855	-0.2680	-0.2154	-2.2903	-0.1456	-0.7965	0.3586	1.5149	1.5440	-0.6707	-1.2274	2.0246
TCGA-D3-A8GQ-06	0.6512	-0.8837	-0.3328	-0.2696	-0.4282	-0.4036	1.1459	-0.2812	-1.1394	-0.3388	0.2650	-0.3209	1.6175	2.6067	0.6508
TCGA-YG-AA3N-01	2.1669	0.3678	-0.4203	0.7505	0.7459	2.8610	-0.3544	-1.4194	-1.7722	-1.9258	-0.7265	-1.2899	-0.0479	-0.9718	-0.0321
TCGA-EB-A6QY-01	-1.0364	2.2419	-1.0540	-0.7994	-0.1320	-0.7388	0.4812	2.6918	0.1388	0.4801	-0.3274	0.0456	-1.1018	-0.1885	1.2453
TCGA-EE-A2MI-06	-0.8709	1.2501	-0.7766	-0.8622	0.0588	-0.5305	-0.8206	1.8135	-0.0678	0.0258	-0.4536	0.6022	1.6989	0.6397	-0.9555
TCGA-D3-A5GR-06	-0.6145	0.6260	54.0758	-1.0687	-1.0705	-0.1130	-0.2759	1.4309	-0.6798	-0.4471	0.3819	1.0917	0.1341	-0.6862	-0.4535
TCGA-EE-A2A0-06	-1.2786	0.8548	0.5625	-0.6323	1.4822	-1.2132	-0.4720	0.3766	1.1919	0.9724	0.0460	0.3827	0.5586	1.7542	-0.0657
TCGA-GF-A6C8-06	0.8459	1.7831	0.0670	-0.4131	-1.2557	0.6481	0.4372	-0.3155	-0.1226	0.1161	0.1048	0.6221	-1.9073	1.6484	1.7673
TCGA-D3-A51G-06	0.0078	-1.1526	0.5391	-1.0629	-1.3277	-0.6403	2.0905	1.4321	0.0392	1.3593	4.4873	-0.7118	-0.8512	1.7996	1.3417
TCGA-D3-A3MU-06	1.4717	-0.1684	-1.0658	1.1091	0.7092	1.7901	-0.4321	-0.2706	-0.0196	0.3565	1.1851	-0.6812	1.3426	-0.6945	1.6504
TCGA-D3-A8GI-06	4.5961	-1.3841	-0.8259	0.2131	-0.3884	5.8517	-1.7255	-1.7798	-1.7727	-1.9679	-0.7423	-1.6153	-1.2390	-1.2028	3.0580
TCGA-WE-A8ZQ-06	-0.9205	-0.4336	-2.5418	-0.5090	-0.4780	-0.5894	0.5967	0.9888	-2.0758	-0.3706	-0.0721	0.5441	-0.1557	-0.4716	-1.9661
TCGA-XV-AB01-01	3.7555	-1.4302	-1.3678	0.6804	-0.3697	3.3866	-2.5933	-1.4715	-1.0418	-0.9519	-0.9944	-1.7679	0.2584	-1.9841	28.8252
TCGA-YD-A9TB-06	-0.5846	0.1401	3.0161	-0.8978	-1.3374	-0.5297	-0.4887	0.7371	0.5799	-0.3770	-0.4302	0.1200	-0.8907	-1.0380	-0.2347
TCGA-D3-A3ML-06	1.7552	-0.1823	0.6776	3.0499	-0.5373	-0.1296	-0.6938	0.2651	-0.0684	0.2506	-0.1089	1.5316	0.7027	1.0040	-0.5469
TCGA-FS-A1ZA-06	0.9542	0.1490	-0.6590	-1.2663	-1.2259	-0.3409	2.6030	3.1641	-0.6850	0.4884	0.9586	-0.5906	0.5883	0.4867	0.6221
TCGA-EE-A29C-06	0.1892	-1.7527	1.3401	-0.3653	-0.6447	0.4975	0.3045	0.1691	-0.6025	-0.3649	1.4029	-1.0922	-1.2748	-1.1860	-0.4608
TCGA-D3-A3CF-06	-0.7399	0.3276	0.2645	-0.5211	0.8475	-0.5983	-0.2164	-0.2527	-0.0765	-0.3718	-0.2966	-0.1644	0.2270	0.6841	0.2213
TCGA-EE-A2GC-06	-1.1385	0.6112	0.6483	-0.6159	-1.2104	-0.8943	-0.6055	-0.3568	0.3047	0.2251	0.5170	-0.6467	0.3852	-0.1779	-0.2617
TCGA-BF-A5ES-01	2.2877	2.0196	0.3194	0.6274	1.3995	0.2882	-0.2720	-1.3803	-1.3045	-0.3670	-1.0086	-0.3322	-1.0063	0.1719	0.0443
TCGA-D9-A1JX-06	0.0239	0.8642	-0.3471	-1.2866	-1.1385	-0.4424	0.6971	1.2408	-0.2454	0.4869	0.0803	-0.4074	-0.1616	-0.6487	0.9980
TCGA-D3-A51H-06	-1.1688	-0.3975	-0.1908	-1.3596	0.2940	-0.9403	0.0513	-0.6457	2.9796	-1.1916	-1.1781	0.9823	-0.4168	-1.0331	-1.3191
TCGA-GF-A2C7-01	0.3030	1.8638	0.0402	-0.6704	-0.4657	0.4134	0.1140	0.5116	-0.0435	0.6299	2.6353	-0.6733	-0.0579	0.3360	0.3008
TCGA-D3-A3MV-06	0.8134	1.6261	-0.4621	-0.7054	0.1691	-0.5274	2.3012	-0.3708	0.0348	1.8027	2.2139	-0.5733	2.5070	2.2069	3.4435
TCGA-D3-A51F-06	-0.9304	-0.0598	-0.8581	-1.2717	0.3254	-0.5398	-0.6402	-0.1759	1.2260	-0.5062	-1.3754	0.1905	0.2635	-1.0798	-0.9261
TCGA-D3-A51J-06	-0.5571	0.0398	-0.5644	-0.5229	-0.2184	-0.3532	0.1598	-0.8114	-0.1043	-0.8350	0.6578	-0.9000	-0.0376	-0.3925	0.0391
TCGA-D3-A8GB-06	-0.6182	-0.9195	-1.7732	-0.8103	0.4500	-0.8099	-0.8474	-1.1480	0.3285	-0.7560	-1.6873	-0.6308	-0.8404	-1.2440	-0.4678
TCGA-EB-A1NK-01	1.0633	0.7344	0.8060	1.8389	2.7865	1.2424	-0.6695	-0.0203	-0.2592	-0.9181	0.6238	-0.1870	1.0688	0.0360	0.6850
TCGA-EB-A82C-01	0.8958	-1.1248	3.4179	1.2751	-0.0938	0.6738	-0.1058	-1.0166	0.5184	0.2446	-0.1477	-1.2530	-0.3857	0.4701	-0.7628
TCGA-GN-A269-01	NaN	NaN	NaN	NaN	NaN	NaN	NaN	NaN	NaN	NaN	NaN	NaN	NaN	NaN	NaN
TCGA-WE-AAA3-06	0.2201	1.0582	0.2211	-1.0067	-0.8798	1.6291	-0.1859	1.9843	-0.6984	0.2897	-0.7198	-0.5649	-0.6819	-0.6717	3.7898
TCGA-BF-AAOX-01	1.9627	0.1267	1.0493	1.5958	-0.1785	0.7163	-0.0758	-0.9710	-0.6849	-0.2904	-0.3578	0.8102	-0.4742	0.1312	3.5339
TCGA-D3-A2J8-06	-0.0664	-0.8105	-1.4479	-0.8333	-0.2248	0.8859	-0.7261	-0.2761	-0.6005	-0.9190	-0.3622	0.6660	1.0210	-0.3701	-0.0482
TCGA-EE-A29S-06	1.9734	-0.0111	0.8131	0.4511	2.5325	0.1733	0.3819	0.0266	-0.1849	-0.6059	0.4758	-0.7713	1.4592	-0.0105	0.6142
TCGA-DA-A3F2-06	1.0610	-1.2444	-2.3527	-0.2153	0.3342	0.6894	-2.7985	-1.7439	-0.9815	-2.0132	-1.9486	-1.3978	-0.9096	-1.6723	0.2447
TCGA-WE-A8JZ-06	0.7240	7.8496	1.0820	-0.7849	2.9659	0.4498	2.5237	1.5292	0.1129	-0.2846	0.0559	-1.0271	1.2045	-0.3847	-2.0761
TCGA-D9-A148-06	1.7194	3.7618	-1.7257	0.6344	2.2957	0.2449	-0.8119	1.0217	-1.6322	-1.2755	-0.0633	-1.2505	0.6373	2.8030	2.2784
TCGA-DA-A3F8-06	-0.3308	0.9554	-0.5545	-0.7536	1.5643	-1.0937	-0.6613	0.1134	0.0295	0.2002	-1.2587	0.7940	0.8457	-0.4985	-0.9480
TCGA-D3-A2JC-06	0.0791	0.2180	-1.2468	-0.2722	-0.0518	-0.3775	1.3032	0.6777	-0.8378	-0.2897	0.2517	0.5185	-0.1610	0.5493	-0.4724
TCGA-DA-A1I0-06	-0.6518	-0.7258	-1.1188	0.0351	0.8545	1.2834	-1.0225	-1.8160	-1.3141	-1.1257	-1.3604	-1.9168	-0.7124	-1.3182	3.8485
TCGA-EE-A17Y-06	1.2891	1.6757	2.1302	-0.6052	-0.5590	0.2909	-0.1960	0.4052	0.2174	1.9270	2.1783	-1.2556	-1.2488	1.3808	4.7447
TCGA-EB-A4OZ-01	0.5861	-1.9304	-2.1949	-0.9277	1.3250	-0.1495	-1.6888	-1.9669	-0.3169	-2.0211	-2.1948	-1.8501	-1.2514	-1.8024	0.2692
TCGA-EE-A180-06	-0.3831	-0.2985	3.1400	0.0637	0.8233	-0.2502	-0.9548	-0.8642	1.6599	0.9376	0.6733	-1.2519	-0.0351	0.1827	1.0705
TCGA-EB-A44N-01	-0.0585	0.0284	-0.4743	-0.7233	-0.5166	-0.5915	-0.6202	0.2836	-0.0679	-0.1941	-0.5133	0.2929	-0.7112	-0.8272	-0.9450
TCGA-D3-A5GS-06	-0.2063	0.9633	-0.1681	-1.2737	1.1777	0.2168	0.7913	-0.0157	-0.4185	-0.1760	-0.4669	-0.3622	-0.1447	-0.2862	1.2789
TCGA-EB-A3XE-01	0.9563	0.3718	-1.5539	1.2695	3.2326	0.4891	-0.7008	-1.7137	-0.8754	-0.9240	-1.8738	-1.2630	0.5345	0.3865	1.6770
TCGA-EB-A41B-01	1.0760	0.0743	5.4859	-1.3446	1.0024	-0.4499	0.6187	-0.6903	2.3065	-0.8713	-1.5515	1.4040	-0.2857	-0.1360	-0.0872
TCGA-ER-A3ES-06	-0.9000	-0.7306	1.7170	4.0264	-1.4883	-0.9871	-0.5742	-0.6067	1.8186	0.2927	-1.2366	0.3172	1.0201	0.6873	0.2873
TCGA-WE-A8ZM-06	-0.4987	0.5854	-0.4244	-1.1234	-1.3163	-0.1112	1.4255	0.6838	-0.1679	2.5510	1.9833	0.1197	0.2097	-0.3505	0.7864
TCGA-FW-A3R5-06	-0.8755	-1.2099	0.5973	-0.1331	-1.3921	-0.1710	-0.4601	-0.5451	-0.4826	-0.0235	0.1379	0.3256	-0.9107	1.1955	0.5305
TCGA-BF-AAP0-06	-0.4885	-0.3260	-1.4544	-0.0967	0.1769	-0.4073	1.7526	-0.7888	-0.7303	-1.1401	-0.6055	-1.0935	-1.0565	-0.4246	-0.0921
TCGA-GN-A26C-01	0.6535	-0.6157	-2.1295	-1.2023	-0.9385	-0.4208	1.3895	-0.8208	-1.3642	-1.1944	-1.0671	-0.0377	0.1737	0.4597	0.5708
TCGA-BF-AAP2-01	0.7912	1.1336	0.1441	-0.1970	0.2466	-0.3228	1.1884	-0.7244	0.2571	-0.7824	-0.9995	1.2640	0.3251	-0.3642	-0.0739
TCGA-FS-A1ZY-06	0.2996	-1.0396	0.4910	1.2082	-0.2373	2.6905	-0.3350	-0.1011	-0.3904	-0.8284	2.5960	-1.7294	-0.2295	1.2559	6.8537
TCGA-GN-A8LN-01	-0.8595	0.0313	0.9291	-1.1497	-0.6550	-0.8887	2.0743	-0.2132	0.1428	-0.3047	-0.1289	-0.2484	0.6621	-0.2523	3.5021
TCGA-D9-A4Z6-06	0.7950	0.0398	0.6627	0.3934	-1.4375	1.0510	2.5558	0.7296	-0.6226	2.8764	0.0816	0.5172	-0.8861	0.9445	0.2580
TCGA-FR-A3R1-01	-0.2574	0.0760	0.4064	0.7618	1.8330	-0.8568	-0.0085	0.0620	0.4845	1.2084	-0.0747	-0.0456	1.2826	0.3437	-0.1136
TCGA-FS-A1Z0-06	-1.0807	-0.8947	1.8896	-0.4315	-0.8576	-0.0412	-0.6679	0.1495	1.5337	1.4852	5.2862	1.1798	0.4315	1.3509	0.4063
TCGA-D9-A4Z6-01	NaN	NaN	NaN	NaN	NaN	NaN	NaN	NaN	NaN	NaN	NaN	NaN	NaN	NaN	NaN
TCGA-EE-A29V-06	0.8236	2.7704	0.0747	1.9713	-1.2420	3.6326	-0.0034	-0.8507	-0.3344	-1.6597	1.1869	-1.0717	-1.4804	0.7818	2.3515
TCGA-EB-A51B-01	-0.0719	-0.4324	2.9096	-0.8043	1.2260	-0.3592	-0.1949	0.3470	0.2414	-0.5451	-0.0477	0.4955	2.2468	0.0000	-1.2492
TCGA-FW-A5DY-06	-0.0855	0.2658	0.2996	-0.7768	0.3538	-0.2724	-0.2246	0.2713	0.8417	0.3659	-0.5194	0.1628	0.2450	-0.3209	-0.9684
TCGA-D3-A8GK-06	0.4601	-0.8094	-0.6096	0.4453	0.1695	1.2063	0.9419	-0.5836	-1.3388	-1.2101	0.6191	-1.3159	-1.2466	-0.3224	-0.0972
TCGA-EE-A3AH-06	0.6717	1.5750	-2.1908	-0.2013	-0.5424	-0.5034	1.0269	1.0803	-1.7870	-0.6851	0.6109	0.2034	0.6598	-0.1705	0.4814
TCGA-Z2-A8RT-06	-0.2823	0.8841	2.5667	-1.4722	-1.1139	0.1564	1.0669	-1.0256	1.7420	-0.3699	-0.7543	2.2373	-0.0191	-0.4178	0.3204
TCGA-GF-A769-01	0.3300	0.9741	-0.3368	-0.8483	0.8908	-0.0692	1.5825	-0.8075	-0.1031	-0.6276	-0.2703	1.3578	-0.1543	0.9830	1.5501
TCGA-EE-A29W-06	0.6191	0.1920	-0.8278	-0.2899	-0.7025	-0.4457	0.6222	0.5328	-0.9091	-0.8018	1.7232	0.1529	0.0743	1.8928	-0.1755
TCGA-DA-A1I1-06	-0.0271	-0.1621	0.2206	-0.2781	-1.3250	-0.3928	-0.7142	0.2854	-0.3625	1.0379	1.0195	-1.2112	0.2899	-0.6271	0.4587
TCGA-D3-A2J9-06	-0.6497	-0.7249	-0.2146	-0.7208	-0.5070	-0.4820	-0.6333	0.4373	1.2679	1.1983	-0.8413	0.6736	-0.0011	-0.4474	-0.8434
TCGA-EE-A20C-06	0.1194	0.8777	-0.3326	0.6176	0.3914	-0.6107	-0.7753	-0.4173	0.3473	-0.4341	-1.8318	0.4921	-0.4286	-0.5644	-0.9342
TCGA-D3-A3C8-06	-1.1486	-0.4378	-1.3657	-1.4231	-0.5210	-0.7189	-1.0187	-1.5240	0.7362	-0.9824	-1.0162	-0.2996	-0.6740	-0.1975	-0.2030
TCGA-BF-AAP6-01	-0.8367	-0.3389	4.2688	1.3746	2.0654	-0.0775	-0.0711	-0.2587	-1.2946	-0.1635	0.6630	-0.9871	0.6598	0.2076	-0.4672
TCGA-BF-AAOU-01	-0.8183	1.7849	-0.4679	-1.2993	-0.1488	-0.1025	0.6181	-0.1404	0.3394	-0.2838	-0.7737	1.5505	1.1879	0.3186	0.3752
TCGA-BF-A3DM-01	1.3386	2.8131	-0.1496	-0.2369	-0.0515	-0.8936	-0.0717	-0.1863	-0.8365	0.6244	0.1437	-0.9744	-0.6562	1.4623	0.3870
TCGA-EB-A4IQ-01	1.7913	-0.7506	-0.3021	1.4086	0.1316	1.1894	-0.0099	-0.5302	-1.1865	-1.3947	1.4072	-0.9308	-1.5230	-0.0784	0.4492
TCGA-DA-A960-01	0.3152	-1.0450	-0.5545	-0.6698	-0.1436	0.5715	0.0251	-1.1883	-0.7636	-1.5637	-1.8497	-0.3851	-0.7148	-0.8168	-0.1229
TCGA-BF-AAP8-01	0.0047	-1.6155	0.3892	-0.8604	-0.7016	-0.6914	-2.1307	-0.7172	0.3272	-0.7551	1.8958	1.0412	-1.5663	1.3105	-1.1915
TCGA-FS-A4FB-06	-0.2018	0.5284	-0.5076	-0.3589	-0.0964	-0.1917	-0.2013	0.4880	-0.2098	-0.2226	1.6184	-0.7164	-0.6444	-0.0492	-0.0400
TCGA-EB-A44Q-06	-0.5147	-0.6466	0.9937	-1.3066	-0.5978	-0.4646	-0.4534	-0.2371	-0.0244	0.6149	0.0418	-0.0013	-0.2749	-0.5355	-1.1489
TCGA-ER-A19W-06	-1.3690	0.3396	0.0184	-1.2707	0.9201	-0.2953	-1.3045	0.5216	0.2425	-0.7268	0.5038	-0.6602	-0.6700	-0.8575	3.9893
TCGA-DA-A3F5-06	0.2876	-0.6244	-0.2197	-0.8344	0.3470	-0.7891	1.2025	-0.4410	-1.0605	-0.8398	3.4324	-1.0784	-0.2002	0.3677	3.0997
TCGA-EE-A2A1-06	0.0059	-0.4214	-0.5666	-0.1214	-0.3062	-0.2808	0.7462	0.8995	-0.3515	-0.1200	-0.3961	-0.0287	0.0226	0.3642	-0.6094
TCGA-D3-A2J6-06	0.2013	-1.6602	4.7820	-0.1788	-0.3948	-0.5591	-0.1482	-0.3237	0.7676	-0.0873	0.3302	-0.9734	-0.9441	1.0193	0.2241
TCGA-GN-A266-06	-0.7239	-0.5804	-0.9802	-0.5652	-0.9175	-0.1620	0.8595	-0.0355	-0.2443	-0.0784	0.7403	1.0747	0.7293	0.6748	-0.2581
TCGA-ER-A19B-06	-0.5263	2.9947	0.3823	-0.2136	0.6376	-0.6310	0.1503	-0.3029	0.1543	0.1172	0.4538	-0.8931	-0.3696	0.6721	3.9049
TCGA-BF-A1PZ-01	1.3414	0.7026	0.8891	0.6563	1.3069	0.1836	0.4146	-0.5634	-0.1512	-1.0512	-0.6046	-0.5829	0.0258	1.4809	0.7367
TCGA-EE-A2GD-06	0.2120	0.4741	0.3082	-0.2360	-0.8439	0.0898	-0.7499	0.3073	0.0981	0.0236	-0.2425	-0.7152	-1.0244	0.1334	-1.2088
TCGA-ER-A2NH-06	-0.3557	1.6076	-0.9990	-0.4973	0.9578	-0.7639	-0.5837	0.3538	0.1771	0.6017	-0.4274	-0.6105	0.4514	-0.1692	0.2175
TCGA-FS-A4F2-06	-0.5756	-1.1517	2.2989	0.4281	-1.0730	-0.7327	1.1327	-0.7295	0.6463	0.5058	0.4963	-0.6541	-0.0576	-0.2857	1.8092
TCGA-DA-A1I7-06	-0.3944	-1.4118	1.6036	-0.5311	-0.6886	-0.2406	-0.9229	1.7284	0.5816	-0.3450	0.1856	-1.3811	-0.8982	-0.6951	1.5591
TCGA-DA-A1HV-06	0.1282	1.3469	-0.9446	-0.9144	-1.0082	0.1628	1.6813	1.1978	-0.8566	-0.8037	-0.4851	-1.0214	-0.3500	-0.4123	2.1085
TCGA-EE-A2A5-06	-0.1284	-0.3940	3.1359	-0.3123	-0.4687	0.5722	-0.2962	1.3120	0.8591	-0.1329	3.9713	0.3583	0.2472	1.6811	1.3938
TCGA-FS-A1ZQ-06	0.2191	-0.9397	0.0189	2.0084	1.0928	1.6750	-0.1029	-0.5688	-0.8282	-1.1032	1.2489	-1.5337	-1.1809	0.5558	2.5921
TCGA-FS-A1ZU-06	-0.1977	-1.5470	0.7303	-0.4658	-1.3117	2.7319	-0.1731	-1.2886	-1.0685	5.7172	10.2955	-0.6471	-1.0548	1.3514	6.9755
TCGA-EB-A3Y6-01	0.2867	1.5120	0.0442	-0.4116	-0.2570	-0.8430	1.0499	-0.2581	0.8161	-0.3001	0.4721	0.7056	-0.1728	0.7120	8.2244
TCGA-EB-A3Y7-01	2.8109	-0.6171	-2.5001	-1.0766	-0.0344	0.9414	-1.1341	-2.0789	-1.8331	-1.9191	-2.1365	-0.2945	-1.3197	0.0326	3.3678
TCGA-EE-A2ME-06	-1.0655	-0.3097	-0.1834	-0.5469	0.0552	-1.1952	-0.8854	1.1409	1.6124	0.5244	-0.2482	0.5071	0.3622	-0.4984	5.1602
TCGA-QB-AA9O-06	0.0030	-0.2901	1.6413	-1.0193	0.7032	-0.4283	0.3326	-1.3323	3.3272	-0.6803	-1.1765	-0.0028	-0.6631	-0.1073	0.7309
TCGA-3N-A9WB-06	-0.7901	2.6785	0.3849	-0.8751	0.7760	-0.4750	-0.1777	-0.8015	-0.0745	-1.2441	-1.1765	1.4244	-0.6904	-0.8061	-0.4139
TCGA-FR-A728-01	0.4889	0.5630	-0.1610	-0.5578	0.5011	0.0814	0.8559	-0.5978	-0.0057	-0.4770	0.6090	0.1436	-0.0409	-0.7568	-0.6461
TCGA-D3-A5GL-06	-0.3710	-0.2575	0.1360	-0.2894	1.4271	-0.7137	-0.3034	-0.5642	-0.3849	-1.0657	-0.6996	-1.2550	-0.6816	-0.1381	-0.4390
TCGA-GF-A3OT-06	-0.8526	-0.6477	0.4744	-0.8163	-0.6909	3.0493	-1.6225	-0.0461	0.5899	0.4312	1.2942	-0.8805	-0.5274	0.1649	0.1204
TCGA-FS-A1Z3-06	-0.1439	0.9200	3.2912	-0.5655	-1.2753	0.0014	-0.0892	1.3964	2.0765	1.4683	1.8480	-1.3337	-0.7141	-0.3907	-0.7587
TCGA-EE-A29M-06	-1.8356	0.1297	2.7117	-0.7654	-1.3339	-0.5880	1.0319	1.6844	2.3290	-0.0527	0.2001	0.4009	-0.2131	1.8798	5.2399
TCGA-GN-A267-06	-0.6627	-1.2806	2.0208	-1.4586	-0.9953	-0.5996	-1.6054	-1.6977	1.4055	0.1335	3.2223	0.5661	-0.5203	-0.8398	-0.1984
TCGA-EE-A29Q-06	-0.4154	2.7192	-1.3297	-0.6308	-0.9803	1.2424	1.5905	1.3936	0.0330	0.4371	0.1588	-1.1121	0.4478	-0.0490	-0.7070
TCGA-FR-A8YC-06	-0.9146	-0.7017	0.4974	0.1479	-0.6775	0.2933	0.1324	-0.2300	-0.1214	-0.3393	-1.0324	0.7306	1.2366	-1.4159	-0.9556
TCGA-DA-A1IA-06	2.1219	0.7290	-2.1865	1.9441	0.8204	2.0774	0.8660	-1.8435	-2.2564	-2.0789	-1.1641	-2.2255	-0.3091	-1.3834	1.9443
TCGA-EB-A42Z-01	-0.1752	1.8895	-1.0322	-0.4506	0.8139	-0.4084	1.6275	0.5507	-0.8065	0.3994	-0.4481	1.3849	0.1562	-0.3807	-0.8045
TCGA-ER-A2NF-01	-0.0874	-1.0676	0.7708	0.4198	-0.9906	0.0388	-0.9880	0.5104	-0.4536	-0.0539	0.1797	0.7524	0.6454	0.7743	2.9438
TCGA-ER-A2NE-06	0.7199	0.6196	-1.1174	-0.7479	-0.4242	0.3903	0.6713	2.2511	0.3101	1.3953	2.3020	0.3930	-0.0600	0.6284	1.1186
TCGA-FW-A3TV-06	-0.6105	2.2085	2.6358	1.0312	0.5475	-0.9463	1.0497	1.8205	1.1259	1.2593	0.0727	-0.3795	0.3076	3.4753	-0.3376
TCGA-ER-A2NF-06	-0.1999	-0.6966	0.5015	1.2694	-0.6895	-0.0226	-1.0204	0.2377	-0.4956	-0.5865	-0.8588	1.5595	0.0589	0.1586	2.0758
TCGA-EE-A2GL-06	-0.1668	-0.0353	-0.6348	-0.3989	-0.5923	0.3542	-0.8145	-0.4271	0.8445	0.3282	0.4159	-0.3829	-0.5176	-0.0310	-0.1307
TCGA-EE-A2MG-06	-0.3588	-0.3526	-1.2876	-0.8578	-0.6749	-0.5288	0.2546	-0.0194	0.3313	-0.4256	-0.1490	0.5465	-0.0787	1.2113	-1.3413
TCGA-XV-AAZV-01	0.1020	-1.0394	-0.0891	-0.6761	0.5469	-1.3056	1.6688	-0.6762	0.7329	-1.0264	-1.1825	-0.0594	-1.0926	-0.5722	0.6386
TCGA-XV-AAZY-01	2.8126	-0.0936	-1.6918	2.6516	1.4336	2.9703	-1.3194	-1.8498	-1.3302	-1.2682	-1.6336	-1.6372	-1.0317	-0.6377	1.5656
TCGA-D9-A149-06	-0.1375	-0.6342	-1.0440	0.4832	0.5789	-1.0230	-0.7869	2.4347	-1.1630	0.2199	0.5942	-1.5218	0.5982	-0.3737	-0.8274
TCGA-Z2-AA3S-06	-1.5490	-0.2184	0.1562	0.1482	-0.5625	0.3804	1.0511	1.1572	0.2044	1.6936	2.4484	-0.7011	-0.7913	-0.2396	0.4280
TCGA-DA-A95V-06	1.1037	1.4628	-2.0728	6.3938	3.3666	-0.3972	0.6036	-0.9855	-1.9770	-1.2129	-0.6303	-1.2039	-0.2081	-0.9502	5.3292
TCGA-EE-A29P-06	-0.7385	1.6922	1.0941	-0.7733	0.1119	-0.1208	-1.4478	1.0244	0.7510	0.0469	0.3931	-0.6210	-0.1446	-2.1229	-0.6664
TCGA-BF-A9VF-01	1.8962	-1.0375	-2.0047	-1.1105	-0.3839	-0.1642	1.3629	-0.5537	-1.9606	-0.9909	-0.9279	-2.0300	-0.3815	-1.5224	1.7302
TCGA-D3-A8GO-06	-0.7874	-0.9777	-1.2152	-1.0845	-0.1608	-0.5415	-0.9865	-0.9596	0.4890	-1.5502	-1.8623	-0.7432	-0.9232	-1.4802	-2.1154
TCGA-FR-A2OS-01	0.2637	0.2612	1.1009	0.0329	0.2197	-0.3402	0.1396	1.4222	-0.4734	1.9973	1.4105	-0.2133	0.0409	2.5119	1.5442
TCGA-FW-A5DX-01	0.0448	0.1817	0.5287	-0.9219	-1.4680	-1.1611	1.9820	1.4467	-0.4387	1.6408	2.4469	-1.0091	-0.1571	0.8001	0.5401
TCGA-FW-A3TU-06	4.2796	-0.9683	-1.4974	2.8132	2.6711	2.6908	-1.0644	-2.2472	-1.1927	-2.2224	-1.1121	-1.7167	-0.8764	-1.5883	0.3860
TCGA-WE-A8ZO-06	-0.2632	0.1430	1.0338	-0.5583	-1.0260	0.5879	-1.0483	1.0119	-0.0169	0.8400	0.2147	-1.1167	-0.2488	-0.5105	-0.0580
TCGA-GF-A6C9-06	-0.0166	-0.1664	-0.5310	-0.9932	-0.5114	-1.2408	-1.2677	-0.9502	1.1763	-1.1270	-1.2068	0.3027	-0.9565	-0.9696	-0.1265
TCGA-ER-A19E-06	-0.6058	-1.2586	1.1376	0.1689	-1.4701	0.5276	2.7096	-0.0385	1.3277	-0.1680	1.9483	1.4776	-0.9064	2.2565	-0.8357
TCGA-RP-A6K9-06	-0.2240	-0.4870	1.2572	2.3264	-0.1998	0.5816	-1.0865	-0.1998	0.6436	-1.4710	2.4813	0.7860	-0.7405	-0.1111	-0.1729
TCGA-EB-A5FP-01	-0.7598	0.8642	0.2582	-0.0571	-0.9186	-0.0987	0.6245	1.9909	-0.2691	0.2981	0.0964	-0.4368	-0.7380	-0.6682	1.1135
TCGA-FS-A1ZC-06	0.2416	-0.6404	0.6630	-0.0126	-1.1068	-0.2074	1.7553	0.2710	-0.3297	4.0312	6.1716	-0.4637	-0.3252	1.9678	0.5704
TCGA-D3-A3C1-06	3.3795	-0.7292	-1.8006	-0.1043	-0.5610	-0.4382	0.9808	-1.2865	-1.0437	0.9257	-1.3879	-1.2324	0.7881	0.8934	-0.3484
TCGA-XV-A9W5-01	-0.6304	1.9018	-0.9101	-0.3166	1.7452	-0.9403	-0.3627	0.1377	-0.3852	-0.3974	-1.6518	2.8699	0.6084	-0.6247	-0.2644
TCGA-EE-A3AE-06	-0.5877	2.2612	-1.8237	0.0638	-1.4599	0.6521	1.5326	2.1873	-1.4316	-1.0254	0.0706	-0.4387	-0.4746	0.4772	0.7150
TCGA-EB-A5KH-06	2.7583	-1.7306	-0.2429	1.6807	-1.3903	4.2229	-2.0681	-1.4880	-1.5037	-1.8920	1.1799	-1.3306	0.3650	-0.8261	4.5990
TCGA-FR-A44A-06	-0.7870	-0.4270	0.2855	-0.5806	-0.8370	-1.2001	1.3558	-0.1149	1.0358	-0.1427	-0.9057	0.2171	-0.8564	-1.0073	7.5752
TCGA-FS-A1ZW-06	-1.2800	0.9649	1.2444	-0.6166	-0.9775	-1.2885	2.1101	0.6983	2.0555	1.6988	0.6998	-0.3957	-0.0707	2.6381	1.9798